1553185003 18.0
1553185182 61.0
1553185363 0.0
1553185543 0.0
1553185724 17.0
1553185902 21.0
1553186081 19.0
1553186259 76.0
1553186440 31.0
1553186618 21.0
1553186799 15.0
1553186980 20.0
1553187158 18.0
1553187336 39.0
1553187517 16.0
1553187698 0.0
1553187876 16.0
1553188055 19.0
1553188233 15.0
1553188411 0.0
1553188592 77.0
1553188770 0.0
1553188948 0.0
1553189127 16.0
1553189308 16.0
1553189489 0.0
1553189667 49.0
1553189845 20.0
1553190023 19.0
1553190201 19.0
1553190382 0.0
1553190561 26.0
1553190741 21.0
1553190920 51.0
1553191098 0.0
1553191276 0.0
1553191454 17.0
1553191635 22.0
1553191814 18.0
1553191992 19.0
1553192173 76.0
1553192351 11.0
1553192529 0.0
1553192710 22.0
1553192891 0.0
1553193069 94.0
1553193250 83.0
1553193429 86.0
1553193607 360.0
1553193785 0.0
1553193963 165.0
1553194141 101.0
1553194319 117.0
1553194498 100.0
1553194676 57.0
1553194854 34.0
1553195032 96.0
1553195211 152.0
1553195389 114.0
1553195567 283.0
1553195745 256.0
1553195923 373.0
1553196104 220.0
1553196283 174.0
1553196464 25.0
1553196642 22.0
1553196820 29.0
1553196998 25.0
1553197179 0.0
1553197357 14.0
1553197536 37.0
1553197714 18.0
1553197893 0.0
1553198071 70.0
1553198249 15.0
1553198427 0.0
1553198606 0.0
1553198784 22.0
1553198963 22.0
1553199144 23.0
1553199322 24.0
1553199503 25.0
1553199681 22.0
1553199860 0.0
1553200038 21.0
1553200216 21.0
1553200395 57.0
1553200573 24.0
1553200751 15.0
1553200930 72.0
1553201108 73.0
1553201286 588.0
1553201465 0.0
1553201643 67.0
1553201821 55.0
1553202000 31.0
1553202178 23.0
1553202356 23.0
1553202534 23.0
1553202713 17.0
1553202894 42.0
1553203072 0.0
1553203253 23.0
1553203431 22.0
1553203612 0.0
1553203791 0.0
1553203969 62.0
1553204147 24.0
1553204326 0.0
1553204504 24.0
1553204682 13.0
1553204860 0.0
1553205039 42.0
1553205217 21.0
1553205395 18.0
1553205574 24.0
1553205752 16.0
1553205931 0.0
1553206109 19.0
1553206287 19.0
1553206466 31.0
1553206647 44.0
1553206825 0.0
1553207003 19.0
1553207182 19.0
1553207360 17.0
1553207538 17.0
1553207717 42.0
1553207895 60.0
1553208073 18.0
1553208252 18.0
1553208430 18.0
1553208608 19.0
1553208786 17.0
1553208965 49.0
1553209143 14.0
1553209321 0.0
1553209500 17.0
1553209678 18.0
1553209856 13.0
1553210035 0.0
1553210213 47.0
1553210391 55.0
1553210570 20.0
1553210751 11.0
1553210929 0.0
1553211110 0.0
1553211288 18.0
1553211467 18.0
1553211645 26.0
1553211823 0.0
1553212002 19.0
1553212180 11.0
1553212358 18.0
1553212537 29.0
1553212715 13.0
1553212894 48.0
1553213072 18.0
1553213250 17.0
1553213428 0.0
1553213607 17.0
1553213785 15.0
1553213966 20.0
1553214144 39.0
1553214323 62.0
1553214501 20.0
1553214679 18.0
1553214858 17.0
1553215036 17.0
1553215214 18.0
1553215393 17.0
1553215571 42.0
1553215749 18.0
1553215928 18.0
1553216106 0.0
1553216284 34.0
1553216463 16.0
1553216641 16.0
1553216819 51.0
1553216998 44.0
1553217179 0.0
1553217357 18.0
1553217535 18.0
1553217714 18.0
1553217892 16.0
1553218070 36.0
1553218249 16.0
1553218427 15.0
1553218608 28.0
1553218786 0.0
1553218965 19.0
1553219143 18.0
1553219321 18.0
1553219500 36.0
1553219678 46.0
1553219856 0.0
1553220037 0.0
1553220216 16.0
1553220394 18.0
1553220573 19.0
1553220754 32.0
1553220932 18.0
1553221113 19.0
1553221291 15.0
1553221470 0.0
1553221648 19.0
1553221826 18.0
1553222005 20.0
1553222183 54.0
1553222361 32.0
1553222540 0.0
1553222718 17.0
1553222896 19.0
1553223075 17.0
1553223253 17.0
1553223431 20.0
1553223612 24.0
1553223791 21.0
1553223969 20.0
1553224147 0.0
1553224328 0.0
1553224507 23.0
1553224685 24.0
1553224863 36.0
1553225042 41.0
1553225220 0.0
1553225398 14.0
1553225577 0.0
1553225755 37.0
1553225933 22.0
1553226112 19.0
1553226290 18.0
1553226468 22.0
1553226646 18.0
1553226825 14.0
1553227003 15.0
1553227181 21.0
1553227360 17.0
1553227538 16.0
1553227716 49.0
1553227895 0.0
1553228073 0.0
1553228251 18.0
1553228430 15.0
1553228608 20.0
1553228786 15.0
1553228965 40.0
1553229143 60.0
1553229321 21.0
1553229500 17.0
1553229681 17.0
1553229859 15.0
1553230038 21.0
1553230216 16.0
1553230394 41.0
1553230572 23.0
1553230751 0.0
1553230929 18.0
1553231107 40.0
1553231286 32.0
1553231464 38.0
1553231645 23.0
1553231823 109.0
1553232002 11.0
1553232180 15.0
1553232358 36.0
1553232537 39.0
1553232715 31.0
1553232893 41.0
1553233072 53.0
1553233250 41.0
1553233428 36.0
1553233607 23.0
1553233785 31.0
1553233963 25.0
1553234142 54.0
1553234323 58.0
1553234501 48.0
1553234679 0.0
1553234858 33.0
1553235036 38.0
1553235214 78.0
1553235393 1854.0
1553235571 109.0
1553235749 75.0
1553235927 74.0
1553236106 75.0
1553236284 86.0
1553236463 86.0
1553236641 702.0
1553236819 0.0
1553236997 347.0
1553237176 0.0
1553237354 0.0
1553237535 97.0
1553237714 121.0
1553237892 77.0
1553238070 72.0
1553238249 78.0
1553238427 476.0
1553238605 166.0
1553238784 51.0
1553238965 46.0
1553239143 72.0
1553239321 72.0
1553239499 78.0
1553239678 119.0
1553239859 162.0
1553240037 173.0
1553240215 805.0
1553240394 1039.0
1553240572 0.0
1553240751 0.0
1553240929 0.0
1553241108 0.0
1553241286 34.0
1553241464 10.0
1553241643 25.0
1553241821 49.0
1553242000 61.0
1553242178 48.0
1553242356 63.0
1553242535 45.0
1553242716 0.0
1553242894 36.0
1553243072 72.0
1553243253 37.0
1553243432 84.0
1553243610 84.0
1553243791 0.0
1553243969 59.0
1553244148 51.0
1553244326 45.0
1553244504 41.0
1553244683 34.0
1553244861 30.0
1553245039 44.0
1553245218 20.0
1553245396 37.0
1553245574 22.0
1553245752 41.0
1553245931 76.0
1553246109 10.0
1553246287 20.0
1553246466 15.0
1553246644 43.0
1553246825 46.0
1553247003 13.0
1553247182 130.0
1553247360 39.0
1553247538 37.0
1553247719 23.0
1553247898 31.0
1553248076 43.0
1553248255 29.0
1553248433 72.0
1553248611 12.0
1553248789 0.0
1553248968 39.0
1553249146 34.0
1553249324 39.0
1553249503 35.0
1553249681 101.0
1553249862 19.0
1553250040 34.0
1553250221 40.0
1553250400 36.0
1553250578 29.0
1553250757 31.0
1553250935 44.0
1553251116 11.0
1553251294 31.0
1553251473 30.0
1553251651 525.0
1553251832 539.0
1553252010 0.0
1553252189 122.0
1553252367 485.0
1553252545 0.0
1553252724 0.0
1553252902 0.0
1553253081 34.0
1553253259 40.0
1553253438 26.0
1553253616 0.0
1553253794 11.0
1553253973 20.0
1553254151 26.0
1553254329 26.0
1553254508 66.0
1553254686 26.0
1553254864 33.0
1553255045 22.0
1553255224 0.0
1553255402 23.0
1553255580 23.0
1553255759 89.0
1553255937 62.0
1553256115 35.0
1553256294 33.0
1553256472 32.0
1553256653 31.0
1553256831 32.0
1553257012 55.0
1553257191 33.0
1553257369 0.0
1553257547 31.0
1553257726 34.0
1553257904 33.0
1553258082 287.0
1553258261 0.0
1553258439 0.0
1553258617 34.0
1553258796 29.0
1553258974 0.0
1553259152 34.0
1553259331 33.0
1553259509 40.0
1553259687 71.0
1553259865 16.0
1553260044 41.0
1553260222 284.0
1553260401 403.0
1553260579 0.0
1553260757 382.0
1553260938 53.0
1553261116 0.0
1553261295 266.0
1553261473 0.0
1553261651 0.0
1553261829 55.0
1553262008 138.0
1553262189 76.0
1553262367 77.0
1553262546 63.0
1553262724 73.0
1553262902 78.0
1553263083 41.0
1553263262 459.0
1553263440 0.0
1553263618 104.0
1553263797 0.0
1553263975 54.0
1553264153 156.0
1553264334 0.0
1553264513 465.0
1553264691 41.0
1553264869 0.0
1553265048 0.0
1553265226 29.0
1553265404 31.0
1553265583 30.0
1553265761 47.0
1553265939 36.0
1553266117 30.0
1553266296 15.0
1553266474 18.0
1553266653 44.0
1553266831 0.0
1553267009 11.0
1553267188 105.0
1553267366 0.0
1553267544 0.0
1553267725 54.0
1553267904 30.0
1553268085 32.0
1553268263 38.0
1553268441 37.0
1553268620 24.0
1553268798 35.0
1553268976 13.0
1553269155 25.0
1553269333 43.0
1553269511 48.0
1553269690 140.0
1553269871 0.0
1553270049 37.0
1553270227 69.0
1553270406 73.0
1553270584 53.0
1553270762 0.0
1553270941 34.0
1553271119 38.0
1553271298 43.0
1553271476 43.0
1553271654 43.0
1553271833 44.0
1553272011 68.0
1553272189 46.0
1553272367 43.0
1553272546 24.0
1553272724 26.0
1553272902 43.0
1553273081 46.0
1553273259 98.0
1553273437 17.0
1553273616 10.0
1553273794 55.0
1553273972 43.0
1553274150 43.0
1553274329 52.0
1553274507 49.0
1553274686 25.0
1553274867 43.0
1553275045 42.0
1553275223 43.0
1553275402 76.0
1553275580 119.0
1553275758 58.0
1553275937 49.0
1553276115 92.0
1553276293 210.0
1553276471 1460.0
1553276650 0.0
1553276831 1819.0
1553277009 0.0
1553277188 104.0
1553277366 87.0
1553277544 203.0
1553277722 127.0
1553277901 0.0
1553278079 0.0
1553278258 0.0
1553278436 68.0
1553278614 33.0
1553278793 82.0
1553278974 82.0
1553279152 132.0
1553279330 84.0
1553279509 63.0
1553279690 216.0
1553279868 149.0
1553280046 149.0
1553280224 135.0
1553280405 140.0
1553280584 138.0
1553280762 127.0
1553280940 138.0
1553281119 142.0
1553281297 158.0
1553281475 126.0
1553281654 109.0
1553281832 153.0
1553282010 386.0
1553282189 230.0
1553282367 157.0
1553282545 124.0
1553282724 67.0
1553282902 121.0
1553283081 169.0
1553283259 125.0
1553283437 127.0
1553283615 174.0
1553283796 123.0
1553283975 124.0
1553284153 128.0
1553284332 1100.0
1553284510 0.0
1553284688 157.0
1553284866 99.0
1553285045 0.0
1553285223 0.0
1553285401 611.0
1553285580 1348.0
1553285758 120.0
1553285936 83.0
1553286115 31.0
1553286293 0.0
1553286471 24.0
1553286650 27.0
1553286828 0.0
1553287006 19.0
1553287185 55.0
1553287363 15.0
1553287542 0.0
1553287720 0.0
1553287898 20.0
1553288077 21.0
1553288255 97.0
1553288433 0.0
1553288611 0.0
1553288792 24.0
1553288974 58.0
1553289152 20.0
1553289330 0.0
1553289508 0.0
1553289687 30.0
1553289865 22.0
1553290043 12.0
1553290222 62.0
1553290400 0.0
1553290578 27.0
1553290756 0.0
1553290935 0.0
1553291113 41.0
1553291292 50.0
1553291473 52.0
1553291651 0.0
1553291829 32.0
1553292008 21.0
1553292189 22.0
1553292367 34.0
1553292545 23.0
1553292724 0.0
1553292902 22.0
1553293080 21.0
1553293259 26.0
1553293437 22.0
1553293615 55.0
1553293794 21.0
1553293975 20.0
1553294153 0.0
1553294331 17.0
1553294512 19.0
1553294691 53.0
1553294869 55.0
1553295050 15.0
1553295229 17.0
1553295407 21.0
1553295585 0.0
1553295764 18.0
1553295942 32.0
1553296120 0.0
1553296299 0.0
1553296477 136.0
1553296655 19.0
1553296834 0.0
1553297012 37.0
1553297190 0.0
1553297368 0.0
1553297547 10.0
1553297725 71.0
1553297903 26.0
1553298082 19.0
1553298260 18.0
1553298441 20.0
1553298619 18.0
1553298798 24.0
1553298976 11.0
1553299154 17.0
1553299333 18.0
1553299511 19.0
1553299689 0.0
1553299870 15.0
1553300049 16.0
1553300227 16.0
1553300405 15.0
1553300584 49.0
1553300762 50.0
1553300940 0.0
1553301119 16.0
1553301297 16.0
1553301475 18.0
1553301653 15.0
1553301832 33.0
1553302010 19.0
1553302191 18.0
1553302370 0.0
1553302548 0.0
1553302726 27.0
1553302905 17.0
1553303083 61.0
1553303261 0.0
1553303440 0.0
1553303618 0.0
1553303797 15.0
1553303975 41.0
1553304153 18.0
1553304331 18.0
1553304510 18.0
1553304688 23.0
1553304866 0.0
1553305044 15.0
1553305225 15.0
1553305404 40.0
1553305582 34.0
1553305760 0.0
1553305939 16.0
1553306117 31.0
1553306298 0.0
1553306476 17.0
1553306655 58.0
1553306833 39.0
1553307011 15.0
1553307190 0.0
1553307368 18.0
1553307549 17.0
1553307728 18.0
1553307906 34.0
1553308084 17.0
1553308262 0.0
1553308441 18.0
1553308619 18.0
1553308800 18.0
1553308978 18.0
1553309157 60.0
1553309335 24.0
1553309513 18.0
1553309692 0.0
1553309870 0.0
1553310048 18.0
1553310227 17.0
1553310405 28.0
1553310583 15.0
1553310762 10.0
1553310940 17.0
1553311118 10.0
1553311297 27.0
1553311475 19.0
1553311654 32.0
1553311832 48.0
1553312010 0.0
1553312191 19.0
1553312370 0.0
1553312548 26.0
1553312726 21.0
1553312905 0.0
1553313083 110.0
1553313262 17.0
1553313443 18.0
1553313621 17.0
1553313799 18.0
1553313978 16.0
1553314159 17.0
1553314337 49.0
1553314515 20.0
1553314694 16.0
1553314872 0.0
1553315050 17.0
1553315231 18.0
1553315409 18.0
1553315588 59.0
1553315766 39.0
1553315944 0.0
1553316123 17.0
1553316301 17.0
1553316479 17.0
1553316658 18.0
1553316836 43.0
1553317014 18.0
1553317192 20.0
1553317371 19.0
1553317549 0.0
1553317727 16.0
1553317906 0.0
1553318084 35.0
1553318265 54.0
1553318443 0.0
1553318622 0.0
1553318800 28.0
1553318978 0.0
1553319157 17.0
1553319335 17.0
1553319513 23.0
1553319691 24.0
1553319870 18.0
1553320048 0.0
1553320226 19.0
1553320405 16.0
1553320583 0.0
1553320761 17.0
1553320940 63.0
1553321118 0.0
1553321296 0.0
1553321475 15.0
1553321653 52.0
1553321831 1704.0
1553322010 0.0
1553322188 69.0
1553322366 68.0
1553322545 59.0
1553322723 64.0
1553322901 67.0
1553323080 74.0
1553323261 65.0
1553323439 66.0
1553323617 110.0
1553323796 87.0
1553323974 100.0
1553324152 126.0
1553324331 121.0
1553324509 109.0
1553324687 100.0
1553324866 131.0
1553325044 109.0
1553325222 61.0
1553325401 164.0
1553325579 249.0
1553325757 50.0
1553325936 0.0
1553326114 41.0
1553326292 0.0
1553326471 0.0
1553326649 36.0
1553326827 239.0
1553327009 0.0
1553327187 0.0
1553327368 95.0
1553327550 10.0
1553327731 13.0
1553327909 0.0
1553328088 0.0
1553328266 20.0
1553328444 17.0
1553328623 31.0
1553328801 51.0
1553328979 0.0
1553329160 22.0
1553329338 27.0
1553329517 0.0
1553329695 117.0
1553329873 0.0
1553330054 12.0
1553330233 0.0
1553330411 15.0
1553330592 81.0
1553330770 30.0
1553330951 52.0
1553331130 94.0
1553331308 86.0
1553331486 258.0
1553331665 0.0
1553331843 46.0
1553332022 669.0
1553332200 206.0
1553332379 220.0
1553332558 0.0
1553332737 1280.0
1553332915 71.0
1553333094 0.0
1553333273 228.0
1553333452 244.0
1553333630 235.0
1553333809 212.0
1553333988 228.0
1553334166 276.0
1553334345 219.0
1553334524 95.0
1553334702 129.0
1553334881 216.0
1553335060 0.0
1553335239 202.0
1553335418 158.0
1553335596 123.0
1553335775 166.0
1553335954 281.0
1553336132 200.0
1553336311 156.0
1553336490 187.0
1553336669 207.0
1553336847 165.0
1553337026 168.0
1553337205 162.0
1553337384 186.0
1553337562 187.0
1553337741 206.0
1553337920 202.0
1553338099 150.0
1553338277 243.0
1553338456 218.0
1553338635 99.0
1553338814 803.0
1553338992 0.0
1553339171 65.0
1553339349 326.0
1553339528 79.0
1553339707 0.0
1553339886 74.0
1553340065 53.0
1553340244 83.0
1553340422 110.0
1553340601 0.0
1553340780 63.0
1553340959 53.0
1553341137 97.0
1553341316 40.0
1553341495 61.0
1553341674 56.0
1553341853 77.0
1553342031 86.0
1553342210 77.0
1553342389 75.0
1553342568 65.0
1553342746 72.0
1553342925 72.0
1553343103 143.0
1553343282 69.0
1553343461 115.0
1553343639 67.0
1553343818 1309.0
1553343997 90.0
1553344176 87.0
1553344354 105.0
1553344533 0.0
1553344712 0.0
1553344891 0.0
1553345069 43.0
1553345248 35.0
1553345427 38.0
1553345606 52.0
1553345784 0.0
1553345963 0.0
1553346142 19.0
1553346320 0.0
1553346499 19.0
1553346678 70.0
1553346856 20.0
1553347035 0.0
1553347214 34.0
1553347392 45.0
1553347571 32.0
1553347750 59.0
1553347928 163.0
1553348107 171.0
1553348286 157.0
1553348465 170.0
1553348643 162.0
1553348822 189.0
1553349001 181.0
1553349179 150.0
1553349358 155.0
1553349537 171.0
1553349715 171.0
1553349894 172.0
1553350073 231.0
1553350251 136.0
1553350430 171.0
1553350608 171.0
1553350787 171.0
1553350966 172.0
1553351144 185.0
1553351323 167.0
1553351502 166.0
1553351680 141.0
1553351859 172.0
1553352038 172.0
1553352216 218.0
1553352395 153.0
1553352574 126.0
1553352752 174.0
1553352931 171.0
1553353110 67.0
1553353288 127.0
1553353467 152.0
1553353645 166.0
1553353824 173.0
1553354003 172.0
1553354181 181.0
1553354360 195.0
1553354539 59.0
1553354718 143.0
1553354896 143.0
1553355075 96.0
1553355254 155.0
1553355433 150.0
1553355612 178.0
1553355790 156.0
1553355969 142.0
1553356148 139.0
1553356327 146.0
1553356506 137.0
1553356685 170.0
1553356863 138.0
1553357042 111.0
1553357221 141.0
1553357400 146.0
1553357578 140.0
1553357757 139.0
1553357936 196.0
1553358115 143.0
1553358293 139.0
1553358472 97.0
1553358651 142.0
1553358830 142.0
1553359008 152.0
1553359187 129.0
1553359366 143.0
1553359545 143.0
1553359723 143.0
1553359902 144.0
1553360081 202.0
1553360260 157.0
1553360439 166.0
1553360617 153.0
1553360796 194.0
1553360975 165.0
1553361153 233.0
1553361332 176.0
1553361511 176.0
1553361690 181.0
1553361868 211.0
1553362047 217.0
1553362226 290.0
1553362405 288.0
1553362584 224.0
1553362762 823.0
1553362941 1030.0
1553363120 68.0
1553363298 0.0
1553363477 0.0
1553363656 142.0
1553363835 1016.0
