1553364013 86.0
1553364192 210.0
1553364371 0.0
1553364549 81.0
1553364728 839.0
1553364907 0.0
1553365085 1599.0
1553365264 0.0
1553365443 416.0
1553365621 0.0
1553365800 647.0
1553365979 0.0
1553366157 1330.0
1553366336 0.0
1553366515 949.0
1553366694 0.0
1553366872 225.0
1553367053 0.0
1553367232 94.0
1553367411 690.0
1553367589 0.0
1553367768 139.0
1553367947 114.0
1553368125 72.0
1553368304 112.0
1553368482 96.0
1553368661 120.0
1553368840 152.0
1553369019 115.0
1553369197 100.0
1553369376 108.0
1553369555 156.0
1553369733 139.0
1553369912 136.0
1553370091 70.0
1553370269 54.0
1553370448 0.0
1553370626 87.0
1553370805 56.0
1553370984 86.0
1553371163 67.0
1553371341 36.0
1553371520 0.0
1553371698 0.0
1553371877 24.0
1553372056 78.0
1553372234 24.0
1553372413 69.0
1553372592 56.0
1553372770 138.0
1553372949 0.0
1553373128 40.0
1553373307 18.0
1553373486 22.0
1553373664 0.0
1553373843 19.0
1553374022 21.0
1553374201 76.0
1553374380 0.0
1553374558 0.0
1553374737 41.0
1553374916 22.0
1553375094 24.0
1553375273 25.0
1553375452 19.0
1553375631 17.0
1553375809 0.0
1553375988 0.0
1553376167 45.0
1553376346 26.0
1553376524 0.0
1553376703 28.0
1553376882 0.0
1553377061 33.0
1553377239 55.0
1553377418 28.0
1553377597 0.0
1553377776 17.0
1553377954 17.0
1553378133 17.0
1553378312 31.0
1553378490 18.0
1553378669 15.0
1553378848 14.0
1553379026 0.0
1553379205 17.0
1553379383 56.0
1553379562 26.0
1553379741 0.0
1553379920 16.0
1553380098 18.0
1553380277 16.0
1553380455 17.0
1553380634 18.0
1553380813 17.0
1553380992 18.0
1553381170 0.0
1553381349 17.0
1553381527 17.0
1553381706 48.0
1553381885 0.0
1553382064 0.0
1553382243 0.0
1553382421 32.0
1553382600 10.0
1553382779 70.0
1553382957 35.0
1553383136 19.0
1553383315 15.0
1553383494 13.0
1553383672 19.0
1553383851 15.0
1553384030 41.0
1553384209 0.0
1553384388 131.0
1553384566 0.0
1553384745 22.0
1553384924 27.0
1553385103 0.0
1553385282 0.0
1553385460 0.0
1553385639 50.0
1553385818 18.0
1553385996 19.0
1553386175 19.0
1553386354 20.0
1553386533 18.0
1553386711 19.0
1553386890 14.0
1553387069 16.0
1553387248 17.0
1553387427 19.0
1553387605 16.0
1553387784 0.0
1553387963 15.0
1553388142 16.0
1553388320 15.0
1553388499 46.0
1553388678 19.0
1553388856 12.0
1553389035 21.0
1553389214 17.0
1553389393 13.0
1553389572 10.0
1553389750 48.0
1553389929 32.0
1553390108 18.0
1553390286 0.0
1553390465 0.0
1553390644 0.0
1553390822 62.0
1553391001 45.0
1553391180 0.0
1553391359 17.0
1553391537 19.0
1553391716 12.0
1553391895 35.0
1553392074 16.0
1553392252 24.0
1553392431 10.0
1553392610 0.0
1553392788 18.0
1553392967 17.0
1553393146 68.0
1553393325 21.0
1553393503 0.0
1553393682 16.0
1553393861 17.0
1553394039 18.0
1553394218 33.0
1553394397 11.0
1553394575 19.0
1553394754 19.0
1553394933 0.0
1553395111 19.0
1553395290 18.0
1553395469 35.0
1553395648 41.0
1553395826 0.0
1553396005 17.0
1553396184 25.0
1553396362 30.0
1553396541 19.0
1553396720 15.0
1553396898 22.0
1553397077 19.0
1553397256 0.0
1553397434 18.0
1553397613 24.0
1553397792 23.0
1553397971 37.0
1553398149 0.0
1553398328 0.0
1553398506 26.0
1553398685 13.0
1553398864 20.0
1553399042 62.0
1553399221 34.0
1553399400 0.0
1553399578 19.0
1553399757 15.0
1553399936 19.0
1553400114 16.0
1553400293 36.0
1553400471 18.0
1553400650 18.0
1553400829 0.0
1553401007 0.0
1553401186 0.0
1553401365 20.0
1553401544 75.0
1553401722 0.0
1553401901 0.0
1553402080 21.0
1553402259 19.0
1553402438 18.0
1553402616 22.0
1553402795 34.0
1553402974 0.0
1553403153 17.0
1553403331 77.0
1553403510 29.0
1553403689 14.0
1553403868 36.0
1553404046 36.0
1553404225 0.0
1553404404 37.0
1553404583 0.0
1553404761 31.0
1553404940 19.0
1553405119 30.0
1553405298 10.0
1553405476 11.0
1553405655 13.0
1553405834 22.0
1553406013 12.0
1553406191 28.0
1553406370 30.0
1553406549 51.0
1553406728 0.0
1553406906 78.0
1553407085 0.0
1553407264 23.0
1553407443 21.0
1553407624 15.0
1553407803 19.0
1553407981 18.0
1553408160 18.0
1553408339 0.0
1553408517 20.0
1553408696 15.0
1553408875 16.0
1553409054 54.0
1553409232 0.0
1553409411 0.0
1553409590 18.0
1553409768 16.0
1553409947 13.0
1553410126 17.0
1553410305 80.0
1553410483 44.0
1553410662 17.0
1553410841 73.0
1553411019 0.0
1553411198 34.0
1553411377 66.0
1553411555 114.0
1553411734 72.0
1553411913 67.0
1553412092 30.0
1553412270 78.0
1553412449 48.0
1553412628 88.0
1553412806 124.0
1553412985 244.0
1553413164 196.0
1553413343 205.0
1553413521 173.0
1553413700 216.0
1553413879 0.0
1553414057 224.0
1553414236 1117.0
1553414415 205.0
1553414594 179.0
1553414772 143.0
1553414951 0.0
1553415130 0.0
1553415308 227.0
1553415487 196.0
1553415666 122.0
1553415845 186.0
1553416023 187.0
1553416202 197.0
1553416381 188.0
1553416560 216.0
1553416738 158.0
1553416917 178.0
1553417096 186.0
1553417275 185.0
1553417453 201.0
1553417632 225.0
1553417811 212.0
1553417990 189.0
1553418168 180.0
1553418347 127.0
1553418526 193.0
1553418704 197.0
1553418883 195.0
1553419062 186.0
1553419241 231.0
1553419419 159.0
1553419598 228.0
1553419777 181.0
1553419956 201.0
1553420134 172.0
1553420313 145.0
1553420492 159.0
1553420671 188.0
1553420849 265.0
1553421028 316.0
1553421207 46.0
1553421386 166.0
1553421565 69.0
1553421743 13.0
1553421922 20.0
1553422101 20.0
1553422279 50.0
1553422458 19.0
1553422637 0.0
1553422816 703.0
1553422994 142.0
1553423173 0.0
1553423352 0.0
1553423531 61.0
1553423710 84.0
1553423888 49.0
1553424067 48.0
1553424246 82.0
1553424425 101.0
1553424604 71.0
1553424782 102.0
1553424961 418.0
1553425139 0.0
1553425318 40.0
1553425497 53.0
1553425675 0.0
1553425854 0.0
1553426033 78.0
1553426211 0.0
1553426390 19.0
1553426568 0.0
1553426747 16.0
1553426926 16.0
1553427105 26.0
1553427283 11.0
1553427462 0.0
1553427641 22.0
1553427819 10.0
1553427998 26.0
1553428177 19.0
1553428355 54.0
1553428534 0.0
1553428713 20.0
1553428892 15.0
1553429070 17.0
1553429249 17.0
1553429427 79.0
1553429606 19.0
1553429784 18.0
1553429963 0.0
1553430142 17.0
1553430321 17.0
1553430499 39.0
1553430678 21.0
1553430857 0.0
1553431035 17.0
1553431214 17.0
1553431393 18.0
1553431572 16.0
1553431750 78.0
1553431929 0.0
1553432108 0.0
1553432286 18.0
1553432465 14.0
1553432644 17.0
1553432822 33.0
1553433001 27.0
1553433180 19.0
1553433359 0.0
1553433537 0.0
1553433716 0.0
1553433895 17.0
1553434074 82.0
1553434252 0.0
1553434431 0.0
1553434610 0.0
1553434788 34.0
1553434967 15.0
1553435146 26.0
1553435325 11.0
1553435504 0.0
1553435682 0.0
1553435861 16.0
1553436040 14.0
1553436219 16.0
1553436397 65.0
1553436576 0.0
1553436755 16.0
1553436933 0.0
1553437112 0.0
1553437291 16.0
1553437470 15.0
1553437649 12.0
1553437827 14.0
1553438006 16.0
1553438185 16.0
1553438364 15.0
1553438542 15.0
1553438721 31.0
1553438900 32.0
1553439079 0.0
1553439257 15.0
1553439436 31.0
1553439615 13.0
1553439794 0.0
1553439973 93.0
1553440151 10.0
1553440330 0.0
1553440509 13.0
1553440688 16.0
1553440866 14.0
1553441045 21.0
1553441224 37.0
1553441403 0.0
1553441582 22.0
1553441760 0.0
1553441939 26.0
1553442118 0.0
1553442297 52.0
1553442475 32.0
1553442654 0.0
1553442833 0.0
1553443011 15.0
1553443190 16.0
1553443368 16.0
1553443547 27.0
1553443726 18.0
1553443904 17.0
1553444083 0.0
1553444262 13.0
1553444440 15.0
1553444619 36.0
1553444798 35.0
1553444976 0.0
1553445155 16.0
1553445334 15.0
1553445512 16.0
1553445691 18.0
1553445870 13.0
1553446048 11.0
1553446227 15.0
1553446406 14.0
1553446585 24.0
1553446763 16.0
1553446942 39.0
1553447121 24.0
1553447299 0.0
1553447478 25.0
1553447657 0.0
1553447835 28.0
1553448014 0.0
1553448193 65.0
1553448372 27.0
1553448550 14.0
1553448729 15.0
1553448908 14.0
1553449086 22.0
1553449265 0.0
1553449444 43.0
1553449623 0.0
1553449801 17.0
1553449980 14.0
1553450159 15.0
1553450338 19.0
1553450517 179.0
1553450695 175.0
1553450874 266.0
1553451053 161.0
1553451231 202.0
1553451410 115.0
1553451589 112.0
1553451768 110.0
1553451947 47.0
1553452126 0.0
1553452304 20.0
1553452483 21.0
1553452662 22.0
1553452841 19.0
1553453020 68.0
1553453198 0.0
1553453377 0.0
1553453556 22.0
1553453735 23.0
1553453914 47.0
1553454092 25.0
1553454271 25.0
1553454449 25.0
1553454628 26.0
1553454807 0.0
1553454986 28.0
1553455164 25.0
1553455343 46.0
1553455521 22.0
1553455700 0.0
1553455879 10.0
1553456057 39.0
1553456236 233.0
1553456415 129.0
1553456593 111.0
1553456772 55.0
1553456951 52.0
1553457129 53.0
1553457308 60.0
1553457487 179.0
1553457665 0.0
1553457844 49.0
1553458022 0.0
1553458201 12.0
1553458380 0.0
1553458558 32.0
1553458737 35.0
1553458916 73.0
1553459095 0.0
1553459273 0.0
1553459452 16.0
1553459631 0.0
1553459809 0.0
1553459988 25.0
1553460166 12.0
1553460345 0.0
1553460524 0.0
1553460702 0.0
1553460881 0.0
1553461060 24.0
1553461238 61.0
1553461417 0.0
1553461596 23.0
1553461774 0.0
1553461953 0.0
1553462131 16.0
1553462310 21.0
1553462489 27.0
1553462667 12.0
1553462846 16.0
1553463025 18.0
1553463204 27.0
1553463382 23.0
1553463561 0.0
1553463740 58.0
1553463919 0.0
1553464097 0.0
1553464276 25.0
1553464455 0.0
1553464634 0.0
1553464812 34.0
1553464991 0.0
1553465170 27.0
1553465349 24.0
1553465527 0.0
1553465706 16.0
1553465885 17.0
1553466064 42.0
1553466242 30.0
1553466421 0.0
1553466600 16.0
1553466779 0.0
1553466957 17.0
1553467136 18.0
1553467315 72.0
1553467494 14.0
1553467673 17.0
1553467851 18.0
1553468030 18.0
1553468209 22.0
1553468388 18.0
1553468566 34.0
1553468745 28.0
1553468924 0.0
1553469102 0.0
1553469281 15.0
1553469459 30.0
1553469638 17.0
1553469817 58.0
1553469995 0.0
1553470174 0.0
1553470353 16.0
1553470532 18.0
1553470710 15.0
1553470889 36.0
1553471067 14.0
1553471246 0.0
1553471425 25.0
1553471603 0.0
1553471782 23.0
1553471961 12.0
1553472139 49.0
1553472318 34.0
1553472497 18.0
1553472675 15.0
1553472854 0.0
1553473032 16.0
1553473211 17.0
1553473390 25.0
1553473568 18.0
1553473747 0.0
1553473926 19.0
1553474105 16.0
1553474284 16.0
1553474462 18.0
1553474641 71.0
1553474820 0.0
1553474999 0.0
1553475177 18.0
1553475356 21.0
1553475535 36.0
1553475714 16.0
1553475893 18.0
1553476071 18.0
1553476250 23.0
1553476429 0.0
1553476607 10.0
1553476786 17.0
1553476965 26.0
1553477144 40.0
1553477322 15.0
1553477501 0.0
1553477680 10.0
1553477859 24.0
1553478037 14.0
1553478216 16.0
1553478395 96.0
1553478574 19.0
1553478752 20.0
1553478931 15.0
1553479110 19.0
1553479288 18.0
1553479467 20.0
1553479646 47.0
1553479824 19.0
1553480003 18.0
1553480182 0.0
1553480360 0.0
1553480539 18.0
1553480718 18.0
1553480896 70.0
1553481075 24.0
1553481254 19.0
1553481432 19.0
1553481611 18.0
1553481790 18.0
1553481968 18.0
1553482147 42.0
1553482326 17.0
1553482504 0.0
1553482683 30.0
1553482862 18.0
1553483041 19.0
1553483219 0.0
1553483398 74.0
1553483577 29.0
1553483756 10.0
1553483934 39.0
1553484113 19.0
1553484292 21.0
1553484471 14.0
1553484649 54.0
1553484828 0.0
1553485007 0.0
1553485186 29.0
1553485364 0.0
1553485543 24.0
1553485722 0.0
1553485901 48.0
1553486079 40.0
1553486258 0.0
1553486437 28.0
1553486615 0.0
1553486794 17.0
1553486973 18.0
1553487151 45.0
1553487330 0.0
1553487509 18.0
1553487687 18.0
1553487866 0.0
1553488045 17.0
1553488223 17.0
1553488402 17.0
1553488581 67.0
1553488759 0.0
1553488938 0.0
1553489117 17.0
1553489296 20.0
1553489474 18.0
1553489653 15.0
1553489832 30.0
1553490011 0.0
1553490190 18.0
1553490368 43.0
1553490547 61.0
1553490726 42.0
1553490904 53.0
1553491083 133.0
1553491262 43.0
1553491441 32.0
1553491619 36.0
1553491798 0.0
1553491977 18.0
1553492155 16.0
1553492334 17.0
1553492513 17.0
1553492691 43.0
1553492870 585.0
1553493049 0.0
1553493227 106.0
1553493406 79.0
1553493585 126.0
1553493763 88.0
1553493942 93.0
1553494120 54.0
1553494299 71.0
1553494478 96.0
1553494657 1546.0
1553494836 0.0
1553495014 140.0
1553495193 59.0
1553495372 59.0
1553495551 82.0
1553495730 211.0
1553495908 280.0
1553496087 0.0
1553496266 122.0
1553496445 124.0
1553496623 101.0
1553496802 879.0
1553496981 0.0
1553497159 0.0
1553497338 124.0
1553497517 30.0
1553497696 124.0
1553497874 124.0
1553498053 129.0
1553498232 127.0
1553498410 51.0
1553498589 24.0
1553498768 34.0
1553498946 41.0
1553499125 35.0
1553499304 0.0
1553499482 23.0
1553499661 0.0
1553499840 35.0
1553500019 0.0
1553500197 12.0
1553500376 13.0
1553500555 20.0
1553500733 16.0
1553500912 29.0
1553501090 11.0
1553501269 0.0
1553501448 11.0
1553501626 53.0
1553501805 15.0
1553501984 0.0
1553502163 102.0
1553502342 26.0
1553502520 0.0
1553502699 0.0
1553502878 0.0
1553503057 14.0
1553503236 17.0
1553503414 16.0
1553503593 0.0
1553503772 13.0
1553503951 14.0
1553504130 15.0
1553504308 26.0
1553504487 53.0
1553504666 0.0
1553504845 0.0
1553505023 13.0
1553505202 35.0
1553505381 0.0
1553505560 0.0
1553505738 115.0
1553505917 17.0
1553506096 18.0
1553506275 0.0
1553506453 0.0
1553506632 19.0
1553506811 13.0
1553506990 37.0
1553507168 0.0
1553507347 11.0
1553507526 0.0
1553507705 29.0
1553507884 0.0
1553508062 39.0
1553508241 55.0
1553508420 0.0
1553508598 14.0
1553508777 14.0
1553508956 14.0
1553509135 14.0
1553509313 38.0
1553509492 12.0
1553509671 14.0
1553509850 15.0
1553510028 0.0
1553510207 14.0
1553510386 14.0
1553510565 31.0
1553510743 56.0
1553510922 0.0
1553511101 0.0
1553511280 15.0
1553511458 16.0
1553511637 14.0
1553511816 27.0
1553511994 21.0
1553512173 0.0
1553512352 0.0
1553512530 0.0
1553512709 29.0
1553512888 16.0
1553513067 0.0
1553513245 54.0
1553513424 0.0
1553513603 36.0
1553513782 14.0
1553513961 15.0
1553514139 15.0
1553514318 27.0
1553514497 18.0
1553514676 11.0
1553514854 10.0
1553515033 0.0
1553515212 13.0
1553515391 17.0
1553515569 31.0
1553515748 45.0
1553515926 0.0
1553516105 0.0
1553516284 15.0
1553516462 16.0
1553516641 14.0
1553516820 16.0
1553516998 20.0
1553517177 17.0
1553517356 16.0
1553517534 0.0
1553517713 14.0
1553517892 15.0
1553518070 14.0
1553518249 58.0
1553518428 0.0
1553518606 0.0
1553518785 22.0
1553518964 15.0
1553519142 0.0
1553519321 12.0
1553519500 15.0
1553519678 19.0
1553519857 19.0
1553520036 0.0
1553520214 15.0
1553520393 23.0
1553520572 0.0
1553520750 54.0
1553520929 0.0
1553521108 0.0
1553521286 0.0
1553521465 30.0
1553521643 0.0
1553521822 20.0
1553522001 82.0
1553522179 15.0
1553522358 14.0
1553522537 14.0
1553522715 14.0
1553522894 13.0
1553523072 17.0
1553523251 47.0
1553523430 13.0
1553523609 15.0
1553523787 12.0
1553523966 0.0
1553524145 14.0
1553524324 15.0
1553524503 32.0
1553524681 64.0
1553524860 17.0
1553525039 14.0
1553525218 13.0
1553525397 14.0
1553525575 13.0
1553525754 30.0
1553525933 33.0
1553526111 17.0
1553526290 0.0
1553526468 0.0
1553526647 29.0
1553526826 0.0
1553527004 28.0
1553527183 71.0
1553527361 0.0
1553527540 0.0
1553527719 13.0
1553527897 11.0
1553528076 19.0
1553528254 0.0
1553528433 42.0
1553528611 0.0
1553528789 24.0
1553528968 0.0
1553529146 17.0
1553529325 19.0
1553529503 0.0
1553529682 47.0
1553529860 36.0
1553530038 0.0
1553530217 14.0
1553530395 13.0
1553530574 13.0
1553530752 14.0
1553530931 28.0
1553531109 14.0
1553531288 14.0
1553531466 0.0
1553531645 0.0
1553531823 13.0
1553532002 15.0
1553532180 14.0
1553532359 66.0
1553532537 0.0
1553532716 0.0
1553532894 12.0
1553533073 38.0
1553533251 15.0
1553533430 15.0
1553533608 20.0
1553533787 22.0
1553533965 16.0
1553534144 0.0
1553534323 24.0
1553534501 15.0
1553534680 0.0
1553534858 66.0
1553535037 0.0
1553535215 0.0
1553535394 34.0
1553535572 0.0
1553535751 21.0
1553535929 15.0
1553536108 19.0
1553536287 15.0
1553536465 0.0
1553536644 14.0
1553536822 16.0
1553537001 11.0
1553537180 13.0
1553537358 15.0
1553537537 55.0
1553537715 20.0
1553537894 98.0
1553538072 40.0
1553538251 58.0
1553538430 75.0
1553538608 181.0
1553538787 95.0
1553538965 89.0
1553539144 97.0
1553539323 395.0
1553539501 0.0
1553539680 88.0
1553539858 685.0
1553540037 0.0
1553540216 153.0
1553540394 90.0
1553540573 49.0
1553540751 89.0
1553540930 89.0
1553541108 125.0
1553541287 116.0
1553541466 96.0
1553541644 125.0
1553541822 102.0
1553542001 97.0
1553542179 100.0
1553542358 107.0
1553542536 100.0
1553542715 73.0
1553542893 282.0
