1553181777 138.0
1553181952 138.0
1553182128 136.0
1553182303 142.0
1553182478 146.0
1553182654 144.0
1553182829 144.0
1553183005 139.0
1553183180 139.0
1553183356 139.0
1553183531 139.0
1553183706 139.0
1553183882 139.0
1553184057 139.0
1553184233 140.0
1553184408 140.0
1553184584 139.0
1553184759 139.0
1553184935 139.0
1553185110 139.0
1553185286 139.0
1553185461 140.0
1553185637 140.0
1553185812 139.0
1553185987 140.0
1553186163 143.0
1553186338 147.0
1553186514 145.0
1553186689 145.0
1553186865 144.0
1553187040 146.0
1553187216 144.0
1553187391 143.0
1553187567 142.0
1553187742 137.0
1553187918 144.0
1553188093 143.0
1553188268 144.0
1553188444 147.0
1553188619 145.0
1553188795 143.0
1553188970 146.0
1553189146 146.0
1553189321 145.0
1553189497 141.0
1553189672 139.0
1553189848 140.0
1553190023 140.0
1553190199 140.0
1553190374 131.0
1553190550 61.0
1553190725 61.0
1553190900 61.0
1553191076 62.0
1553191251 61.0
1553191427 61.0
1553191603 61.0
1553191778 62.0
1553191953 61.0
1553192129 61.0
1553192304 61.0
1553192480 61.0
1553192655 61.0
1553192831 62.0
1553193006 62.0
1553193182 61.0
1553193357 61.0
1553193533 61.0
1553193708 61.0
1553193884 61.0
1553194059 61.0
1553194234 61.0
1553194410 61.0
1553194586 61.0
1553194761 61.0
1553194936 61.0
1553195112 61.0
1553195287 61.0
1553195463 61.0
1553195638 61.0
1553195814 61.0
1553195989 68.0
1553196165 68.0
1553196340 67.0
1553196516 65.0
1553196691 67.0
1553196867 67.0
1553197042 66.0
1553197217 66.0
1553197393 68.0
1553197569 67.0
1553197744 66.0
1553197920 60.0
1553198096 60.0
1553198271 60.0
1553198447 60.0
1553198622 60.0
1553198798 60.0
1553198973 60.0
1553199149 60.0
1553199325 60.0
1553199500 65.0
1553199676 67.0
1553199851 66.0
1553200027 64.0
1553200202 60.0
1553200378 60.0
1553200554 60.0
1553200729 60.0
1553200905 61.0
1553201081 60.0
1553201256 60.0
1553201432 60.0
1553201607 60.0
1553201783 60.0
1553201958 60.0
1553202134 60.0
1553202310 60.0
1553202485 60.0
1553202661 60.0
1553202836 60.0
1553203012 60.0
1553203187 59.0
1553203363 60.0
1553203538 60.0
1553203714 60.0
1553203889 60.0
1553204065 60.0
1553204241 60.0
1553204416 60.0
1553204592 60.0
1553204767 60.0
1553204943 60.0
1553205118 60.0
1553205294 60.0
1553205470 60.0
1553205645 60.0
1553205821 61.0
1553205996 60.0
1553206172 60.0
1553206348 60.0
1553206523 60.0
1553206699 60.0
1553206874 60.0
1553207050 60.0
1553207226 60.0
1553207401 60.0
1553207577 60.0
1553207752 60.0
1553207928 60.0
1553208103 60.0
1553208279 60.0
1553208455 60.0
1553208630 61.0
1553208806 60.0
1553208981 60.0
1553209157 60.0
1553209332 60.0
1553209508 60.0
1553209684 60.0
1553209859 60.0
1553210035 61.0
1553210210 60.0
1553210386 61.0
1553210561 61.0
1553210737 61.0
1553210913 61.0
1553211088 61.0
1553211264 60.0
1553211439 60.0
1553211615 60.0
1553211791 60.0
1553211966 60.0
1553212142 60.0
1553212317 60.0
1553212493 60.0
1553212668 60.0
1553212844 60.0
1553213020 61.0
1553213195 61.0
1553213371 61.0
1553213546 61.0
1553213722 61.0
1553213898 60.0
1553214073 60.0
1553214249 61.0
1553214424 60.0
1553214600 60.0
1553214775 60.0
1553214951 60.0
1553215126 60.0
1553215302 60.0
1553215478 60.0
1553215653 60.0
1553215829 60.0
1553216004 60.0
1553216180 60.0
1553216355 60.0
1553216531 60.0
1553216707 60.0
1553216882 60.0
1553217058 60.0
1553217234 60.0
1553217409 60.0
1553217585 60.0
1553217760 60.0
1553217936 60.0
1553218111 60.0
1553218287 60.0
1553218463 60.0
1553218638 60.0
1553218814 60.0
1553218989 60.0
1553219165 60.0
1553219340 60.0
1553219516 60.0
1553219692 60.0
1553219867 61.0
1553220043 68.0
1553220219 67.0
1553220394 67.0
1553220570 66.0
1553220745 68.0
1553220921 67.0
1553221097 67.0
1553221272 66.0
1553221448 67.0
1553221623 66.0
1553221799 64.0
1553221974 61.0
1553222150 68.0
1553222325 67.0
1553222501 67.0
1553222677 66.0
1553222852 68.0
1553223028 67.0
1553223203 67.0
1553223379 67.0
1553223555 68.0
1553223730 67.0
1553223906 65.0
1553224082 68.0
1553224257 67.0
1553224433 67.0
1553224608 66.0
1553224784 67.0
1553224959 68.0
1553225135 67.0
1553225311 66.0
1553225486 60.0
1553225662 60.0
1553225837 60.0
1553226013 60.0
1553226188 60.0
1553226364 60.0
1553226539 60.0
1553226715 60.0
1553226891 60.0
1553227066 63.0
1553227242 68.0
1553227417 67.0
1553227593 67.0
1553227769 64.0
1553227944 70.0
1553228120 68.0
1553228295 69.0
1553228471 67.0
1553228646 70.0
1553228822 63.0
1553228998 61.0
1553229173 67.0
1553229349 70.0
1553229524 69.0
1553229700 69.0
1553229875 68.0
1553230051 70.0
1553230227 69.0
1553230402 67.0
1553230578 64.0
1553230753 70.0
1553230929 69.0
1553231105 0.0
1553231280 0.0
1553231456 0.0
1553231631 0.0
1553231807 0.0
1553231982 0.0
1553232158 0.0
1553232334 0.0
1553232509 0.0
1553232685 0.0
1553232860 0.0
1553233036 0.0
1553233212 0.0
1553233387 0.0
1553233563 0.0
1553233738 0.0
1553233914 0.0
1553234090 0.0
1553234265 0.0
1553234441 0.0
1553234616 0.0
1553234792 0.0
1553234967 0.0
1553235143 0.0
1553235319 0.0
1553235494 0.0
1553235670 0.0
1553235845 0.0
1553236021 0.0
1553236196 0.0
1553236372 0.0
1553236548 0.0
1553236723 0.0
1553236899 0.0
1553237074 0.0
1553237250 0.0
1553237425 0.0
1553237601 0.0
1553237777 0.0
1553237952 0.0
1553238128 0.0
1553238304 0.0
1553238479 0.0
1553238655 66.0
1553238830 68.0
1553239006 0.0
1553239181 0.0
1553239357 0.0
1553239532 0.0
1553239708 0.0
1553239884 0.0
1553240059 65.0
1553240235 70.0
1553240410 0.0
1553240586 0.0
1553240762 0.0
1553240938 0.0
1553241113 0.0
1553241289 0.0
1553241464 0.0
1553241640 0.0
1553241816 0.0
1553241991 0.0
1553242167 0.0
1553242343 0.0
1553242518 65.0
1553242694 66.0
1553242869 0.0
1553243045 0.0
1553243220 0.0
1553243396 0.0
1553243571 0.0
1553243747 0.0
1553243923 0.0
1553244098 0.0
1553244274 0.0
1553244449 0.0
1553244625 0.0
1553244801 0.0
1553244976 0.0
1553245152 0.0
1553245327 0.0
1553245503 0.0
1553245678 0.0
1553245854 0.0
1553246029 0.0
1553246205 0.0
1553246381 0.0
1553246556 0.0
1553246732 0.0
1553246907 0.0
1553247083 0.0
1553247259 0.0
1553247434 0.0
1553247610 0.0
1553247785 0.0
1553247961 0.0
1553248137 0.0
1553248312 0.0
1553248488 0.0
1553248663 0.0
1553248839 0.0
1553249014 0.0
1553249190 0.0
1553249366 0.0
1553249541 0.0
1553249717 0.0
1553249892 0.0
1553250068 0.0
1553250243 0.0
1553250419 0.0
1553250595 0.0
1553250770 0.0
1553250946 0.0
1553251122 0.0
1553251297 0.0
1553251473 0.0
1553251648 0.0
1553251824 0.0
1553251999 0.0
1553252175 0.0
1553252350 0.0
1553252526 0.0
1553252702 0.0
1553252877 0.0
1553253053 0.0
1553253229 0.0
1553253405 60.0
1553253580 61.0
1553253756 61.0
1553253932 61.0
1553254107 61.0
1553254283 0.0
1553254458 0.0
1553254634 0.0
1553254809 0.0
1553254985 0.0
1553255161 0.0
1553255336 0.0
1553255512 0.0
1553255687 0.0
1553255863 0.0
1553256039 0.0
1553256214 0.0
1553256390 0.0
1553256565 0.0
1553256741 0.0
1553256917 0.0
1553257092 0.0
1553257268 0.0
1553257443 0.0
1553257619 0.0
1553257794 0.0
1553257970 0.0
1553258145 0.0
1553258321 0.0
1553258497 0.0
1553258672 0.0
1553258848 0.0
1553259023 0.0
1553259199 0.0
1553259374 0.0
1553259550 0.0
1553259726 0.0
1553259901 0.0
1553260077 0.0
1553260252 0.0
1553260428 0.0
1553260604 0.0
1553260779 0.0
1553260954 0.0
1553261130 0.0
1553261306 0.0
1553261481 0.0
1553261657 0.0
1553261832 0.0
1553262008 0.0
1553262183 0.0
1553262359 0.0
1553262535 0.0
1553262710 0.0
1553262886 0.0
1553263061 0.0
1553263237 0.0
1553263413 0.0
1553263588 0.0
1553263764 0.0
1553263939 0.0
1553264115 0.0
1553264291 0.0
1553264466 0.0
1553264642 0.0
1553264817 0.0
1553264993 0.0
1553265168 0.0
1553265344 0.0
1553265519 0.0
1553265695 0.0
1553265871 0.0
1553266046 0.0
1553266222 0.0
1553266397 0.0
1553266573 0.0
1553266749 0.0
1553266924 0.0
1553267100 0.0
1553267275 0.0
1553267451 0.0
1553267627 0.0
1553267802 0.0
1553267978 0.0
1553268153 0.0
1553268329 0.0
1553268504 0.0
1553268680 0.0
1553268856 0.0
1553269031 0.0
1553269207 0.0
1553269382 0.0
1553269558 0.0
1553269733 0.0
1553269909 0.0
1553270084 0.0
1553270260 0.0
1553270436 0.0
1553270611 0.0
1553270787 0.0
1553270963 0.0
1553271138 0.0
1553271314 0.0
1553271490 0.0
1553271665 0.0
1553271841 0.0
1553272016 0.0
1553272192 0.0
1553272367 0.0
1553272543 0.0
1553272718 0.0
1553272894 0.0
1553273070 0.0
1553273245 0.0
1553273421 0.0
1553273596 0.0
1553273772 0.0
1553273948 0.0
1553274123 0.0
1553274299 0.0
1553274474 0.0
1553274650 0.0
1553274826 0.0
1553275001 0.0
1553275177 0.0
1553275352 0.0
1553275528 0.0
1553275703 0.0
1553275879 0.0
1553276055 0.0
1553276230 0.0
1553276406 0.0
1553276581 0.0
1553276757 0.0
1553276932 0.0
1553277108 0.0
1553277283 0.0
1553277459 0.0
1553277635 0.0
1553277810 0.0
1553277986 62.0
1553278162 61.0
1553278337 61.0
1553278513 61.0
1553278688 0.0
1553278864 0.0
1553279039 0.0
1553279215 0.0
1553279391 0.0
1553279566 0.0
1553279742 0.0
1553279917 0.0
1553280093 0.0
1553280268 0.0
1553280444 0.0
1553280619 0.0
1553280795 0.0
1553280971 0.0
1553281146 0.0
1553281322 0.0
1553281497 0.0
1553281673 0.0
1553281848 0.0
1553282024 92.0
1553282200 85.0
1553282375 82.0
1553282551 80.0
1553282727 78.0
1553282902 77.0
1553283078 80.0
1553283253 87.0
1553283429 87.0
1553283604 86.0
1553283780 86.0
1553283956 85.0
1553284131 85.0
1553284307 85.0
1553284482 85.0
1553284658 85.0
1553284833 84.0
1553285009 83.0
1553285185 81.0
1553285360 81.0
1553285536 99.0
1553285711 110.0
1553285887 117.0
1553286063 158.0
1553286238 157.0
1553286414 157.0
1553286589 195.0
1553286765 205.0
1553286940 206.0
1553287116 206.0
1553287292 206.0
1553287468 207.0
1553287643 207.0
1553287819 207.0
1553287994 207.0
1553288170 208.0
1553288345 208.0
1553288521 208.0
1553288696 212.0
1553288872 216.0
1553289048 219.0
1553289223 197.0
1553289399 187.0
1553289574 188.0
1553289750 188.0
1553289925 189.0
1553290101 189.0
1553290276 190.0
1553290452 191.0
1553290628 193.0
1553290803 195.0
1553290979 200.0
1553291154 212.0
1553291330 212.0
1553291506 211.0
1553291681 211.0
1553291857 211.0
1553292032 210.0
1553292208 210.0
1553292383 210.0
1553292559 211.0
1553292735 211.0
1553292910 211.0
1553293086 211.0
1553293261 212.0
1553293437 212.0
1553293613 212.0
1553293788 212.0
1553293964 212.0
1553294139 211.0
1553294315 211.0
1553294493 210.0
1553294669 210.0
1553294844 215.0
1553295020 196.0
1553295196 183.0
1553295371 182.0
1553295547 149.0
1553295723 139.0
1553295898 139.0
1553296074 139.0
1553296249 139.0
1553296425 140.0
1553296600 140.0
1553296776 140.0
1553296952 140.0
1553297127 140.0
1553297303 139.0
1553297478 139.0
1553297654 139.0
1553297829 138.0
1553298005 138.0
1553298180 138.0
1553298356 138.0
1553298531 137.0
1553298707 138.0
1553298883 137.0
1553299058 138.0
1553299234 138.0
1553299409 138.0
1553299585 138.0
1553299761 138.0
1553299936 138.0
1553300112 138.0
1553300287 138.0
1553300463 138.0
1553300639 138.0
1553300814 138.0
1553300990 138.0
1553301165 138.0
1553301341 138.0
1553301516 139.0
1553301692 139.0
1553301867 139.0
1553302043 138.0
1553302219 138.0
1553302394 138.0
1553302570 138.0
1553302745 138.0
1553302921 138.0
1553303097 138.0
1553303272 138.0
1553303448 138.0
1553303624 138.0
1553303799 138.0
1553303975 138.0
1553304150 138.0
1553304326 138.0
1553304501 138.0
1553304677 138.0
1553304852 138.0
1553305028 138.0
1553305204 137.0
1553305379 137.0
1553305555 137.0
1553305730 137.0
1553305906 137.0
1553306081 137.0
1553306257 137.0
1553306433 137.0
1553306608 137.0
1553306784 137.0
1553306959 137.0
1553307135 137.0
1553307310 137.0
1553307486 137.0
1553307662 136.0
1553307837 136.0
1553308013 136.0
1553308188 136.0
1553308364 136.0
1553308539 136.0
1553308715 136.0
1553308891 137.0
1553309066 137.0
1553309242 137.0
1553309417 137.0
1553309593 137.0
1553309769 137.0
1553309944 137.0
1553310120 138.0
1553310295 137.0
1553310471 137.0
1553310646 137.0
1553310822 137.0
1553310998 137.0
1553311173 137.0
1553311349 137.0
1553311525 137.0
1553311700 137.0
1553311876 138.0
1553312051 138.0
1553312227 138.0
1553312403 137.0
1553312578 137.0
1553312754 137.0
1553312929 137.0
1553313105 137.0
1553313281 137.0
1553313456 137.0
1553313632 137.0
1553313808 137.0
1553313983 137.0
1553314159 137.0
1553314334 138.0
1553314510 138.0
1553314685 138.0
1553314861 138.0
1553315036 138.0
1553315212 138.0
1553315387 138.0
1553315563 138.0
1553315739 138.0
1553315914 138.0
1553316090 137.0
1553316265 138.0
1553316441 137.0
1553316616 137.0
1553316792 137.0
1553316968 138.0
1553317143 137.0
1553317319 138.0
1553317494 138.0
1553317670 138.0
1553317845 138.0
1553318021 137.0
1553318196 138.0
1553318372 138.0
1553318547 137.0
1553318723 137.0
1553318899 142.0
1553319074 145.0
1553319250 143.0
1553319425 143.0
1553319601 138.0
1553319776 138.0
1553319952 141.0
1553320128 147.0
1553320303 146.0
1553320479 145.0
1553320654 138.0
1553320830 137.0
1553321005 142.0
1553321181 148.0
1553321357 147.0
1553321532 145.0
1553321708 139.0
1553321883 141.0
1553322059 148.0
1553322235 148.0
1553322410 146.0
1553322586 140.0
1553322761 138.0
1553322937 138.0
1553323112 149.0
1553323288 149.0
1553323464 147.0
1553323639 141.0
1553323815 138.0
1553323990 138.0
1553324166 148.0
1553324342 148.0
1553324517 145.0
1553324693 140.0
1553324868 137.0
1553325044 140.0
1553325220 145.0
1553325395 144.0
1553325571 139.0
1553325746 141.0
1553325922 145.0
1553326098 142.0
1553326273 139.0
1553326449 138.0
1553326625 138.0
1553326800 139.0
1553326976 139.0
1553327152 138.0
1553327327 139.0
1553327503 138.0
1553327678 138.0
1553327854 138.0
1553328030 139.0
1553328206 139.0
1553328381 139.0
1553328557 139.0
1553328732 139.0
1553328908 139.0
1553329083 138.0
1553329259 139.0
1553329434 139.0
1553329610 139.0
1553329786 139.0
1553329961 139.0
1553330137 138.0
1553330312 138.0
1553330488 139.0
1553330663 138.0
1553330839 138.0
1553331015 138.0
1553331190 138.0
1553331366 138.0
1553331541 139.0
1553331717 138.0
1553331893 137.0
1553332068 138.0
1553332244 139.0
1553332420 139.0
1553332596 138.0
1553332772 139.0
1553332948 138.0
1553333124 138.0
1553333300 138.0
1553333476 138.0
1553333652 137.0
1553333828 138.0
1553334004 138.0
1553334180 139.0
1553334356 139.0
1553334532 139.0
1553334708 139.0
1553334884 165.0
1553335060 202.0
1553335236 208.0
1553335412 177.0
1553335588 134.0
1553335764 130.0
1553335940 139.0
1553336116 139.0
1553336292 139.0
1553336468 139.0
1553336644 138.0
1553336820 139.0
1553336996 139.0
1553337172 139.0
1553337348 139.0
1553337524 139.0
1553337700 139.0
1553337876 139.0
1553338052 139.0
1553338228 138.0
1553338404 138.0
1553338580 139.0
1553338756 138.0
1553338932 137.0
1553339108 137.0
1553339283 137.0
1553339460 138.0
1553339636 139.0
1553339812 138.0
1553339988 138.0
1553340164 137.0
1553340340 138.0
1553340516 138.0
1553340692 137.0
1553340868 137.0
1553341044 137.0
1553341220 138.0
1553341396 138.0
1553341572 138.0
1553341748 138.0
1553341924 137.0
1553342100 137.0
1553342276 137.0
1553342452 137.0
1553342628 136.0
1553342804 136.0
1553342980 136.0
1553343156 136.0
1553343331 135.0
1553343507 136.0
1553343683 136.0
1553343859 139.0
1553344035 140.0
1553344211 139.0
1553344387 139.0
1553344563 138.0
1553344739 136.0
1553344915 138.0
1553345091 139.0
1553345267 139.0
1553345443 139.0
1553345619 139.0
1553345795 137.0
1553345971 137.0
1553346147 136.0
1553346323 136.0
1553346499 137.0
1553346675 137.0
1553346851 137.0
1553347027 136.0
1553347203 136.0
1553347379 136.0
1553347555 138.0
1553347731 138.0
1553347907 138.0
1553348082 137.0
1553348258 137.0
1553348434 137.0
1553348610 138.0
1553348786 138.0
1553348962 138.0
1553349138 139.0
1553349314 138.0
1553349490 138.0
1553349666 138.0
1553349842 138.0
1553350018 138.0
1553350193 138.0
1553350369 138.0
1553350545 138.0
1553350721 138.0
1553350897 138.0
1553351073 138.0
1553351249 138.0
1553351425 138.0
1553351601 138.0
1553351777 138.0
1553351952 138.0
1553352128 138.0
1553352304 138.0
1553352480 138.0
1553352656 137.0
1553352832 137.0
1553353008 138.0
1553353184 138.0
1553353360 137.0
1553353535 137.0
1553353711 137.0
1553353887 137.0
1553354063 137.0
1553354239 137.0
1553354415 137.0
1553354591 137.0
1553354767 137.0
1553354943 137.0
1553355119 138.0
1553355295 137.0
1553355471 138.0
1553355647 139.0
1553355823 139.0
1553356000 139.0
1553356176 138.0
1553356352 138.0
1553356528 138.0
1553356704 138.0
1553356880 138.0
1553357056 138.0
1553357232 137.0
1553357408 138.0
1553357584 138.0
