1553357760 138.0
1553357936 138.0
1553358112 138.0
1553358288 138.0
1553358464 137.0
1553358640 137.0
1553358816 137.0
1553358992 137.0
1553359168 137.0
1553359344 137.0
1553359520 137.0
1553359696 137.0
1553359872 137.0
1553360048 137.0
1553360224 137.0
1553360400 137.0
1553360576 137.0
1553360752 137.0
1553360928 137.0
1553361104 137.0
1553361280 137.0
1553361456 137.0
1553361632 137.0
1553361808 137.0
1553361984 137.0
1553362160 137.0
1553362336 137.0
1553362512 138.0
1553362688 137.0
1553362864 139.0
1553363040 140.0
1553363216 140.0
1553363392 139.0
1553363568 138.0
1553363744 140.0
1553363920 138.0
1553364096 138.0
1553364272 139.0
1553364448 138.0
1553364624 138.0
1553364800 140.0
1553364975 139.0
1553365151 142.0
1553365327 139.0
1553365503 139.0
1553365679 140.0
1553365855 139.0
1553366031 138.0
1553366207 140.0
1553366383 138.0
1553366559 139.0
1553366735 138.0
1553366910 139.0
1553367086 139.0
1553367262 139.0
1553367438 141.0
1553367614 139.0
1553367790 139.0
1553367966 138.0
1553368142 138.0
1553368318 139.0
1553368493 138.0
1553368670 138.0
1553368845 138.0
1553369021 138.0
1553369197 138.0
1553369373 138.0
1553369549 138.0
1553369725 138.0
1553369901 138.0
1553370077 139.0
1553370253 140.0
1553370429 138.0
1553370605 138.0
1553370780 138.0
1553370956 139.0
1553371132 138.0
1553371308 138.0
1553371484 138.0
1553371660 137.0
1553371836 137.0
1553372012 137.0
1553372188 137.0
1553372363 137.0
1553372539 137.0
1553372715 138.0
1553372892 138.0
1553373068 138.0
1553373244 138.0
1553373420 138.0
1553373596 139.0
1553373772 139.0
1553373948 138.0
1553374124 138.0
1553374300 137.0
1553374476 137.0
1553374652 137.0
1553374828 137.0
1553375004 138.0
1553375180 139.0
1553375356 139.0
1553375532 139.0
1553375708 139.0
1553375884 139.0
1553376060 138.0
1553376236 138.0
1553376412 139.0
1553376588 139.0
1553376764 139.0
1553376940 138.0
1553377116 138.0
1553377292 139.0
1553377468 139.0
1553377644 138.0
1553377820 139.0
1553377995 139.0
1553378171 139.0
1553378347 139.0
1553378523 139.0
1553378699 138.0
1553378875 139.0
1553379051 139.0
1553379227 139.0
1553379403 139.0
1553379579 139.0
1553379755 139.0
1553379931 139.0
1553380106 140.0
1553380282 139.0
1553380458 139.0
1553380634 139.0
1553380810 139.0
1553380986 139.0
1553381162 139.0
1553381338 139.0
1553381514 139.0
1553381690 139.0
1553381866 138.0
1553382042 138.0
1553382218 138.0
1553382394 138.0
1553382570 138.0
1553382746 139.0
1553382922 138.0
1553383098 139.0
1553383274 138.0
1553383450 138.0
1553383626 138.0
1553383802 137.0
1553383978 138.0
1553384154 138.0
1553384330 138.0
1553384506 138.0
1553384682 138.0
1553384858 138.0
1553385034 138.0
1553385210 138.0
1553385386 138.0
1553385562 138.0
1553385738 138.0
1553385914 138.0
1553386090 138.0
1553386266 138.0
1553386442 138.0
1553386618 137.0
1553386794 138.0
1553386970 138.0
1553387146 138.0
1553387322 138.0
1553387498 138.0
1553387674 139.0
1553387850 139.0
1553388026 139.0
1553388202 139.0
1553388378 139.0
1553388554 138.0
1553388730 138.0
1553388906 138.0
1553389082 138.0
1553389258 138.0
1553389434 138.0
1553389610 137.0
1553389786 137.0
1553389962 138.0
1553390138 138.0
1553390314 138.0
1553390490 137.0
1553390666 137.0
1553390842 137.0
1553391018 137.0
1553391194 137.0
1553391370 138.0
1553391546 138.0
1553391722 137.0
1553391898 137.0
1553392074 137.0
1553392250 137.0
1553392426 137.0
1553392602 136.0
1553392778 136.0
1553392953 137.0
1553393129 137.0
1553393305 137.0
1553393481 137.0
1553393657 137.0
1553393833 137.0
1553394009 136.0
1553394185 136.0
1553394361 137.0
1553394537 136.0
1553394713 136.0
1553394889 137.0
1553395065 136.0
1553395241 137.0
1553395417 136.0
1553395593 136.0
1553395769 136.0
1553395945 137.0
1553396120 137.0
1553396296 137.0
1553396472 137.0
1553396648 137.0
1553396824 137.0
1553397000 137.0
1553397176 137.0
1553397352 137.0
1553397528 137.0
1553397704 137.0
1553397880 137.0
1553398056 137.0
1553398232 137.0
1553398407 137.0
1553398583 137.0
1553398759 137.0
1553398935 137.0
1553399111 137.0
1553399287 137.0
1553399463 137.0
1553399639 137.0
1553399815 137.0
1553399991 137.0
1553400166 137.0
1553400342 137.0
1553400518 137.0
1553400694 136.0
1553400870 136.0
1553401046 104.0
1553401222 58.0
1553401398 58.0
1553401574 58.0
1553401750 58.0
1553401926 58.0
1553402102 58.0
1553402278 58.0
1553402454 58.0
1553402630 58.0
1553402806 58.0
1553402982 58.0
1553403158 58.0
1553403334 117.0
1553403510 138.0
1553403686 138.0
1553403862 138.0
1553404038 138.0
1553404214 138.0
1553404390 138.0
1553404566 138.0
1553404742 138.0
1553404918 138.0
1553405094 138.0
1553405270 138.0
1553405446 138.0
1553405622 138.0
1553405798 138.0
1553405974 138.0
1553406150 137.0
1553406326 138.0
1553406502 138.0
1553406678 138.0
1553406854 138.0
1553407030 139.0
1553407206 139.0
1553407382 139.0
1553407558 140.0
1553407734 140.0
1553407910 140.0
1553408086 140.0
1553408262 140.0
1553408438 140.0
1553408614 146.0
1553408790 146.0
1553408966 145.0
1553409142 141.0
1553409318 139.0
1553409494 136.0
1553409669 137.0
1553409845 144.0
1553410021 140.0
1553410197 145.0
1553410373 148.0
1553410549 147.0
1553410725 146.0
1553410901 104.0
1553411077 60.0
1553411253 63.0
1553411429 68.0
1553411605 67.0
1553411781 63.0
1553411957 60.0
1553412133 61.0
1553412309 68.0
1553412485 68.0
1553412661 67.0
1553412837 62.0
1553413012 60.0
1553413188 65.0
1553413365 70.0
1553413540 69.0
1553413716 66.0
1553413892 61.0
1553414068 63.0
1553414245 69.0
1553414420 70.0
1553414596 69.0
1553414772 62.0
1553414948 51.0
1553415124 0.0
1553415300 0.0
1553415476 0.0
1553415652 0.0
1553415828 0.0
1553416004 0.0
1553416180 0.0
1553416356 0.0
1553416532 0.0
1553416708 0.0
1553416884 0.0
1553417060 0.0
1553417236 0.0
1553417412 0.0
1553417588 0.0
1553417764 0.0
1553417940 0.0
1553418116 0.0
1553418292 0.0
1553418468 0.0
1553418644 0.0
1553418820 0.0
1553418996 0.0
1553419172 0.0
1553419348 57.0
1553419524 0.0
1553419700 60.0
1553419876 60.0
1553420052 60.0
1553420228 60.0
1553420404 60.0
1553420580 60.0
1553420756 60.0
1553420932 60.0
1553421108 60.0
1553421284 60.0
1553421460 60.0
1553421636 60.0
1553421812 60.0
1553421988 59.0
1553422164 60.0
1553422340 60.0
1553422516 60.0
1553422692 60.0
1553422868 60.0
1553423044 60.0
1553423220 60.0
1553423396 60.0
1553423572 60.0
1553423748 60.0
1553423924 60.0
1553424100 0.0
1553424276 0.0
1553424452 0.0
1553424628 0.0
1553424804 0.0
1553424980 0.0
1553425156 51.0
1553425332 51.0
1553425508 59.0
1553425683 59.0
1553425859 60.0
1553426035 60.0
1553426211 60.0
1553426387 60.0
1553426563 60.0
1553426739 60.0
1553426915 60.0
1553427091 60.0
1553427267 60.0
1553427443 60.0
1553427619 60.0
1553427795 60.0
1553427971 60.0
1553428147 60.0
1553428322 60.0
1553428498 60.0
1553428674 60.0
1553428850 60.0
1553429026 60.0
1553429202 59.0
1553429378 60.0
1553429554 60.0
1553429729 60.0
1553429905 59.0
1553430081 59.0
1553430257 60.0
1553430433 60.0
1553430609 60.0
1553430785 59.0
1553430961 59.0
1553431137 60.0
1553431313 60.0
1553431489 60.0
1553431665 59.0
1553431841 59.0
1553432017 59.0
1553432193 59.0
1553432369 59.0
1553432545 59.0
1553432721 59.0
1553432897 59.0
1553433073 59.0
1553433249 59.0
1553433425 59.0
1553433601 59.0
1553433777 59.0
1553433952 60.0
1553434129 60.0
1553434305 60.0
1553434481 59.0
1553434656 59.0
1553434832 60.0
1553435008 60.0
1553435185 59.0
1553435361 59.0
1553435537 59.0
1553435713 59.0
1553435889 60.0
1553436065 59.0
1553436240 59.0
1553436416 59.0
1553436592 60.0
1553436769 60.0
1553436944 59.0
1553437120 59.0
1553437296 59.0
1553437473 60.0
1553437649 60.0
1553437825 60.0
1553438001 59.0
1553438177 59.0
1553438353 59.0
1553438529 60.0
1553438705 59.0
1553438881 59.0
1553439057 60.0
1553439233 60.0
1553439409 60.0
1553439585 60.0
1553439761 59.0
1553439937 60.0
1553440113 60.0
1553440289 60.0
1553440465 60.0
1553440641 60.0
1553440817 60.0
1553440993 60.0
1553441169 60.0
1553441345 60.0
1553441521 59.0
1553441697 60.0
1553441873 59.0
1553442049 60.0
1553442225 60.0
1553442401 59.0
1553442577 59.0
1553442753 59.0
1553442929 60.0
1553443105 60.0
1553443281 59.0
1553443456 59.0
1553443632 59.0
1553443808 60.0
1553443984 60.0
1553444160 60.0
1553444336 60.0
1553444512 60.0
1553444688 60.0
1553444864 60.0
1553445039 60.0
1553445215 60.0
1553445392 60.0
1553445567 60.0
1553445743 60.0
1553445919 60.0
1553446095 60.0
1553446271 60.0
1553446447 60.0
1553446623 60.0
1553446799 60.0
1553446975 60.0
1553447151 60.0
1553447327 60.0
1553447503 60.0
1553447679 60.0
1553447854 60.0
1553448030 60.0
1553448207 60.0
1553448383 60.0
1553448559 60.0
1553448734 60.0
1553448910 60.0
1553449086 60.0
1553449262 60.0
1553449439 60.0
1553449615 60.0
1553449790 60.0
1553449966 60.0
1553450142 60.0
1553450319 60.0
1553450495 60.0
1553450671 60.0
1553450847 60.0
1553451022 60.0
1553451198 60.0
1553451375 60.0
1553451551 60.0
1553451727 60.0
1553451903 60.0
1553452079 60.0
1553452255 60.0
1553452431 60.0
1553452607 60.0
1553452783 60.0
1553452959 60.0
1553453135 60.0
1553453311 60.0
1553453487 60.0
1553453664 60.0
1553453840 60.0
1553454015 60.0
1553454191 60.0
1553454367 60.0
1553454543 60.0
1553454719 60.0
1553454895 60.0
1553455071 60.0
1553455246 60.0
1553455422 60.0
1553455598 60.0
1553455774 59.0
1553455950 59.0
1553456126 83.0
1553456302 140.0
1553456478 129.0
1553456654 126.0
1553456830 124.0
1553457006 123.0
1553457181 121.0
1553457357 122.0
1553457533 128.0
1553457709 129.0
1553457885 137.0
1553458061 135.0
1553458237 147.0
1553458413 144.0
1553458589 178.0
1553458765 200.0
1553458941 199.0
1553459117 200.0
1553459292 200.0
1553459468 200.0
1553459644 199.0
1553459820 199.0
1553459996 199.0
1553460172 199.0
1553460348 199.0
1553460524 199.0
1553460700 199.0
1553460876 199.0
1553461051 198.0
1553461228 198.0
1553461403 198.0
1553461579 200.0
1553461755 200.0
1553461931 201.0
1553462107 180.0
1553462283 186.0
1553462459 188.0
1553462634 190.0
1553462810 192.0
1553462986 191.0
1553463162 189.0
1553463338 191.0
1553463514 192.0
1553463690 195.0
1553463866 201.0
1553464042 201.0
1553464218 200.0
1553464395 200.0
1553464570 201.0
1553464746 200.0
1553464923 197.0
1553465098 178.0
1553465274 181.0
1553465450 181.0
1553465626 180.0
1553465802 180.0
1553465978 179.0
1553466154 177.0
1553466330 175.0
1553466507 173.0
1553466683 158.0
1553466858 140.0
1553467034 140.0
1553467211 139.0
1553467387 139.0
1553467563 140.0
1553467738 139.0
1553467915 139.0
1553468090 139.0
1553468266 139.0
1553468442 140.0
1553468619 139.0
1553468794 139.0
1553468970 139.0
1553469146 140.0
1553469322 140.0
1553469498 140.0
1553469674 139.0
1553469850 139.0
1553470026 139.0
1553470202 139.0
1553470378 138.0
1553470554 138.0
1553470729 138.0
1553470905 139.0
1553471081 139.0
1553471257 139.0
1553471433 138.0
1553471609 138.0
1553471785 138.0
1553471961 138.0
1553472137 138.0
1553472312 138.0
1553472488 138.0
1553472664 138.0
1553472840 138.0
1553473016 137.0
1553473192 138.0
1553473368 137.0
1553473544 138.0
1553473720 137.0
1553473896 137.0
1553474072 138.0
1553474248 138.0
1553474424 138.0
1553474600 138.0
1553474776 138.0
1553474952 138.0
1553475128 138.0
1553475304 137.0
1553475480 137.0
1553475656 138.0
1553475832 137.0
1553476008 137.0
1553476184 137.0
1553476360 137.0
1553476536 137.0
1553476712 137.0
1553476888 137.0
1553477064 136.0
1553477240 137.0
1553477416 137.0
1553477592 137.0
1553477768 137.0
1553477944 137.0
1553478120 136.0
1553478296 136.0
1553478472 136.0
1553478648 136.0
1553478824 136.0
1553479000 136.0
1553479176 136.0
1553479352 136.0
1553479528 136.0
1553479703 136.0
1553479879 137.0
1553480055 137.0
1553480231 136.0
1553480407 136.0
1553480583 136.0
1553480759 136.0
1553480935 136.0
1553481111 135.0
1553481287 135.0
1553481463 135.0
1553481639 135.0
1553481815 135.0
1553481990 135.0
1553482166 135.0
1553482342 136.0
1553482518 136.0
1553482694 136.0
1553482870 136.0
1553483046 136.0
1553483222 136.0
1553483398 136.0
1553483574 136.0
1553483750 136.0
1553483926 136.0
1553484102 136.0
1553484278 136.0
1553484454 136.0
1553484630 136.0
1553484806 136.0
1553484982 136.0
1553485158 136.0
1553485334 136.0
1553485510 136.0
1553485686 136.0
1553485862 136.0
1553486038 136.0
1553486214 136.0
1553486390 136.0
1553486566 136.0
1553486742 136.0
1553486918 136.0
1553487094 136.0
1553487269 136.0
1553487445 136.0
1553487621 136.0
1553487797 136.0
1553487973 137.0
1553488149 137.0
1553488325 137.0
1553488501 137.0
1553488677 137.0
1553488853 137.0
1553489029 137.0
1553489205 138.0
1553489381 142.0
1553489557 141.0
1553489733 137.0
1553489909 137.0
1553490085 137.0
1553490261 138.0
1553490437 137.0
1553490613 144.0
1553490789 143.0
1553490965 138.0
1553491141 143.0
1553491317 143.0
1553491493 140.0
1553491669 140.0
1553491845 146.0
1553492021 146.0
1553492196 144.0
1553492372 138.0
1553492548 139.0
1553492724 144.0
1553492900 142.0
1553493076 141.0
1553493252 146.0
1553493428 145.0
1553493604 140.0
1553493780 141.0
1553493955 146.0
1553494131 146.0
1553494307 142.0
1553494483 148.0
1553494660 148.0
1553494836 143.0
1553495012 139.0
1553495188 146.0
1553495364 145.0
1553495540 142.0
1553495716 140.0
1553495892 140.0
1553496068 144.0
1553496244 145.0
1553496420 140.0
1553496596 138.0
1553496772 145.0
1553496948 148.0
1553497124 145.0
1553497300 142.0
1553497476 138.0
1553497652 138.0
1553497828 138.0
1553498003 138.0
1553498179 138.0
1553498355 138.0
1553498531 138.0
1553498707 139.0
1553498883 138.0
1553499059 144.0
1553499235 147.0
1553499411 145.0
1553499587 141.0
1553499763 144.0
1553499939 147.0
1553500115 145.0
1553500291 143.0
1553500467 137.0
1553500642 144.0
1553500818 146.0
1553500994 144.0
1553501170 141.0
1553501346 146.0
1553501522 159.0
1553501698 207.0
1553501874 174.0
1553502050 146.0
1553502226 209.0
1553502402 215.0
1553502578 139.0
1553502754 139.0
1553502930 139.0
1553503106 139.0
1553503283 139.0
1553503458 139.0
1553503634 139.0
1553503811 139.0
1553503987 138.0
1553504163 138.0
1553504339 138.0
1553504515 138.0
1553504691 139.0
1553504866 139.0
1553505042 138.0
1553505219 138.0
1553505395 138.0
1553505571 137.0
1553505747 137.0
1553505923 137.0
1553506099 137.0
1553506275 138.0
1553506451 138.0
1553506627 137.0
1553506803 138.0
1553506979 139.0
1553507155 138.0
1553507331 138.0
1553507507 139.0
1553507683 139.0
1553507859 138.0
1553508035 139.0
1553508211 139.0
1553508387 139.0
1553508563 139.0
1553508739 138.0
1553508914 139.0
1553509090 139.0
1553509267 138.0
1553509443 138.0
1553509619 138.0
1553509795 138.0
1553509971 138.0
1553510147 138.0
1553510323 138.0
1553510499 138.0
1553510675 138.0
1553510851 139.0
1553511026 137.0
1553511202 137.0
1553511379 137.0
1553511555 137.0
1553511731 136.0
1553511906 137.0
1553512082 136.0
1553512258 136.0
1553512434 136.0
1553512610 136.0
1553512786 136.0
1553512962 138.0
1553513138 138.0
1553513314 137.0
1553513490 137.0
1553513666 138.0
1553513842 138.0
1553514018 138.0
1553514194 138.0
1553514370 139.0
1553514546 139.0
1553514722 138.0
1553514898 139.0
1553515074 138.0
1553515250 137.0
1553515426 138.0
1553515602 139.0
1553515778 138.0
1553515954 138.0
1553516130 138.0
1553516305 138.0
1553516481 138.0
1553516657 138.0
1553516833 138.0
1553517009 138.0
1553517185 138.0
1553517361 138.0
1553517537 138.0
1553517713 139.0
1553517889 138.0
1553518065 138.0
1553518241 138.0
1553518417 138.0
1553518593 139.0
1553518769 139.0
1553518945 139.0
1553519120 139.0
1553519296 139.0
1553519472 138.0
1553519648 138.0
1553519824 139.0
1553520000 139.0
1553520176 139.0
1553520352 140.0
1553520528 140.0
1553520703 139.0
1553520879 139.0
1553521055 138.0
1553521231 138.0
1553521407 138.0
1553521583 138.0
1553521759 138.0
1553521935 139.0
1553522111 138.0
1553522287 138.0
1553522463 138.0
1553522638 138.0
1553522814 138.0
1553522990 138.0
1553523166 139.0
1553523342 139.0
1553523518 139.0
1553523694 139.0
1553523870 139.0
1553524046 139.0
1553524222 139.0
1553524398 140.0
1553524574 140.0
1553524750 140.0
1553524926 140.0
1553525102 140.0
1553525278 140.0
1553525454 140.0
1553525630 140.0
1553525806 141.0
1553525982 140.0
1553526158 140.0
1553526334 139.0
1553526510 139.0
1553526686 139.0
1553526861 139.0
1553527037 139.0
1553527213 140.0
1553527389 139.0
1553527565 140.0
1553527741 140.0
1553527916 139.0
1553528092 140.0
1553528268 140.0
1553528444 140.0
1553528619 140.0
1553528795 140.0
1553528971 139.0
1553529146 139.0
1553529322 139.0
1553529498 139.0
1553529673 139.0
1553529849 138.0
1553530025 138.0
1553530200 138.0
1553530376 138.0
1553530552 138.0
1553530727 138.0
1553530903 138.0
1553531079 138.0
1553531255 139.0
1553531430 138.0
1553531606 138.0
1553531782 138.0
1553531958 138.0
1553532134 138.0
1553532309 139.0
1553532485 139.0
1553532661 139.0
1553532837 139.0
1553533012 138.0
1553533188 138.0
1553533364 138.0
1553533540 139.0
1553533715 139.0
1553533891 140.0
