1553005948 0.0
1553006257 0.0
1553006567 0.0
1553006907 0.0
1553007217 0.0
1553007528 0.0
1553007837 0.0
1553008147 0.0
1553008458 0.0
1553008766 0.0
1553009077 0.0
1553009390 0.0
1553009702 0.0
1553010006 0.0
1553010313 0.0
1553010627 0.0
1553010939 0.0
1553011256 0.0
1553011567 0.0
1553011875 0.0
1553012187 0.0
1553012498 0.0
1553012803 0.0
1553013117 0.0
1553013425 0.0
1553013735 0.0
1553014048 0.0
1553014361 0.0
1553014669 0.0
1553014976 0.0
1553015292 0.0
1553015607 0.0
1553015919 0.0
1553016232 0.0
1553016539 0.0
1553016845 0.0
1553017154 0.0
1553017463 0.0
1553017777 0.0
1553018090 0.0
1553018399 0.0
1553018710 0.0
1553019019 0.0
1553019335 0.0
1553019645 0.0
1553019957 0.0
1553020264 0.0
1553020571 0.0
1553020886 0.0
1553021196 0.0
1553021508 0.0
1553021818 0.0
1553022133 0.0
1553022442 0.0
1553022750 0.0
1553023059 0.0
1553023366 0.0
1553023679 0.0
1553023989 0.0
1553024301 0.0
1553024606 0.0
1553024918 0.0
1553025226 0.0
1553025540 0.0
1553025853 0.0
1553026164 0.0
1553026473 0.0
1553026776 0.0
1553027092 0.0
1553027403 0.0
1553027713 0.0
1553028027 0.0
1553028333 0.0
1553028649 0.0
1553028961 0.0
1553029280 0.0
1553029596 0.0
1553029906 0.0
1553030221 0.0
1553030537 0.0
1553030846 0.0
1553031154 0.0
1553031470 0.0
1553031782 0.0
1553032093 0.0
1553032405 0.0
1553032709 0.0
1553033027 0.0
1553033333 0.0
1553033646 0.0
1553033960 0.0
1553034268 0.0
1553034582 0.0
1553034891 0.0
1553035198 0.0
1553035510 0.0
1553035824 0.0
1553036129 0.0
1553036439 0.0
1553036751 0.0
1553037056 0.0
1553037369 0.0
1553037678 0.0
1553037991 0.0
1553038303 0.0
1553038612 0.0
1553038926 0.0
1553039239 0.0
1553039547 0.0
1553039856 0.0
1553040160 0.0
1553040464 0.0
1553040775 0.0
1553041083 0.0
1553041395 0.0
1553041707 0.0
1553042015 0.0
1553042323 0.0
1553042632 0.0
1553042945 0.0
1553043260 0.0
1553043577 0.0
1553043887 0.0
1553044196 0.0
1553044507 0.0
1553044815 0.0
1553045125 0.0
1553045439 0.0
1553045746 0.0
1553046055 0.0
1553046364 0.0
1553046670 0.0
1553046981 0.0
1553047297 0.0
1553047608 0.0
1553047920 0.0
1553048230 0.0
1553048537 0.0
1553048851 0.0
1553049153 0.0
1553049459 0.0
1553049766 0.0
1553050076 0.0
1553050387 0.0
1553050695 0.0
1553050999 0.0
1553051307 0.0
1553051616 0.0
1553051929 0.0
1553052238 0.0
1553052547 0.0
1553052856 0.0
1553053167 0.0
1553053473 0.0
1553053782 0.0
1553054094 0.0
1553054403 0.0
1553054717 0.0
1553055024 0.0
1553055335 0.0
1553055642 0.0
1553055955 0.0
1553056267 0.0
1553056579 0.0
1553056891 0.0
1553057207 0.0
1553057522 0.0
1553057830 0.0
1553058138 0.0
1553058448 0.0
1553058757 0.0
1553059068 0.0
1553059376 0.0
1553059680 0.0
1553059990 0.0
1553060301 0.0
1553060608 0.0
1553060917 0.0
1553061231 0.0
1553061542 0.0
1553061850 0.0
1553062159 0.0
1553062465 0.0
1553062774 0.0
1553063095 0.0
1553063409 0.0
1553063717 0.0
1553064023 0.0
1553064338 0.0
1553064652 401.0
1553064964 723.0
1553065273 0.0
1553065589 0.0
1553065901 0.0
1553066212 0.0
1553066518 0.0
1553066833 0.0
1553067145 0.0
1553067458 0.0
1553067766 0.0
1553068075 0.0
1553068384 0.0
1553068696 0.0
1553069010 0.0
1553069325 0.0
1553069636 0.0
1553069948 0.0
1553070254 0.0
1553070564 0.0
1553070872 0.0
1553071185 0.0
1553071499 0.0
1553071817 0.0
1553072129 0.0
1553072438 0.0
1553072751 0.0
1553073065 0.0
1553073379 0.0
1553073694 0.0
1553074002 0.0
1553074315 0.0
1553074627 0.0
1553074933 0.0
1553075241 0.0
1553075552 0.0
1553075869 0.0
1553076178 0.0
1553076485 0.0
1553076801 0.0
1553077111 0.0
1553077420 0.0
1553077736 0.0
1553078043 0.0
1553078351 0.0
1553078665 0.0
1553078970 0.0
1553079289 0.0
1553079600 0.0
1553079912 0.0
1553080222 0.0
1553080532 0.0
1553080844 0.0
1553081154 0.0
1553081470 0.0
1553081779 0.0
1553082090 0.0
1553082400 0.0
1553082710 0.0
1553083024 0.0
1553083335 0.0
1553083647 0.0
1553083951 0.0
1553084262 0.0
1553084574 0.0
1553084883 0.0
1553085197 0.0
1553085508 0.0
1553085818 0.0
1553086131 0.0
1553086446 0.0
1553086759 0.0
1553087071 0.0
1553087379 0.0
1553087690 0.0
1553088006 0.0
1553088317 0.0
1553088634 0.0
1553088942 0.0
1553089254 0.0
1553089565 0.0
1553089872 0.0
1553090181 0.0
1553090486 0.0
1553090791 0.0
1553091100 0.0
1553091411 0.0
1553091720 0.0
1553092025 0.0
1553092338 0.0
1553092653 0.0
1553092964 0.0
1553093274 0.0
1553093585 0.0
1553093892 0.0
1553094204 0.0
1553094512 0.0
1553094824 0.0
1553095135 0.0
1553095451 0.0
1553095762 0.0
1553096071 0.0
1553096377 0.0
1553096690 0.0
1553096995 0.0
1553097311 0.0
1553097624 0.0
1553097931 0.0
1553098247 0.0
1553098552 0.0
1553098864 0.0
1553099172 0.0
1553099479 0.0
1553099792 0.0
1553100100 0.0
1553100412 0.0
1553100727 0.0
1553101030 0.0
1553101338 0.0
1553101651 0.0
1553101960 0.0
1553102272 0.0
1553102583 0.0
1553102898 0.0
1553103208 0.0
1553103521 0.0
1553103833 0.0
1553104149 0.0
1553104463 0.0
1553104772 0.0
1553105082 0.0
1553105395 0.0
1553105711 0.0
1553106019 0.0
1553106327 0.0
1553106637 0.0
1553106946 0.0
1553107253 0.0
1553107557 0.0
1553107868 0.0
1553108177 0.0
1553108486 0.0
1553108793 0.0
1553109103 0.0
1553109414 0.0
1553109724 0.0
1553110034 0.0
1553110347 0.0
1553110656 0.0
1553110973 0.0
1553111287 0.0
1553111596 0.0
1553111909 0.0
1553112221 0.0
1553112534 0.0
1553112846 0.0
1553113157 0.0
1553113467 0.0
1553113780 0.0
1553114088 0.0
1553114394 0.0
1553114712 0.0
1553115018 0.0
1553115329 0.0
1553115637 0.0
1553115952 0.0
1553116263 0.0
1553116576 0.0
1553116882 0.0
1553117196 0.0
1553117508 0.0
1553117820 0.0
1553118132 0.0
1553118442 0.0
1553118748 0.0
1553119055 0.0
1553119365 0.0
1553119674 0.0
1553119981 0.0
1553120292 0.0
1553120601 0.0
1553120912 0.0
1553121223 0.0
1553121534 0.0
1553121842 0.0
1553122157 0.0
1553122468 0.0
1553122778 0.0
1553123089 0.0
1553123400 0.0
1553123706 0.0
1553124007 0.0
1553124315 0.0
1553124622 0.0
1553124925 0.0
1553125234 0.0
1553125543 0.0
1553125850 0.0
1553126157 0.0
1553126471 0.0
1553126781 0.0
1553127091 0.0
1553127398 0.0
1553127706 0.0
1553128018 0.0
1553128330 0.0
1553128644 0.0
1553128959 0.0
1553129271 0.0
1553129579 0.0
1553129893 0.0
1553130205 0.0
1553130515 0.0
1553130829 0.0
1553131142 0.0
1553131452 0.0
1553131770 0.0
1553132076 0.0
1553132384 0.0
1553132694 0.0
1553133005 0.0
1553133315 0.0
1553133628 0.0
1553133935 0.0
1553134244 0.0
1553134553 0.0
1553134860 0.0
1553135171 0.0
1553135476 0.0
1553135793 0.0
1553136100 0.0
1553136410 0.0
1553136717 0.0
1553137026 0.0
1553137339 0.0
1553137655 0.0
1553137966 0.0
1553138281 0.0
1553138597 0.0
1553138908 0.0
1553139221 0.0
1553139533 0.0
1553139840 0.0
1553140151 0.0
1553140459 0.0
1553140767 0.0
1553141073 0.0
1553141383 0.0
1553141696 0.0
1553142007 0.0
1553142317 0.0
1553142622 0.0
1553142928 0.0
1553143241 0.0
1553143550 0.0
1553143860 0.0
1553144173 0.0
1553144484 0.0
1553144792 0.0
1553145097 0.0
1553145406 0.0
1553145724 0.0
1553146036 0.0
1553146347 0.0
1553146657 0.0
1553146973 0.0
1553147286 0.0
1553147594 0.0
1553147908 0.0
1553148214 0.0
1553148522 0.0
1553148829 0.0
1553149141 0.0
1553149446 0.0
1553149752 0.0
1553150062 0.0
1553150380 0.0
1553150690 0.0
1553151004 0.0
1553151318 0.0
1553151633 0.0
1553151940 0.0
1553152251 0.0
1553152557 0.0
1553152866 0.0
1553153174 0.0
1553153481 0.0
1553153791 0.0
1553154102 0.0
1553154412 0.0
1553154723 0.0
1553155035 0.0
1553155346 0.0
1553155657 0.0
1553155967 0.0
1553156281 0.0
1553156597 0.0
1553156904 0.0
1553157220 0.0
1553157537 0.0
1553157853 0.0
1553158157 0.0
1553158467 0.0
1553158780 0.0
1553159092 0.0
1553159404 0.0
1553159716 0.0
1553160026 0.0
1553160337 0.0
1553160647 0.0
1553160952 0.0
1553161258 0.0
1553161573 0.0
1553161878 0.0
1553162193 0.0
1553162500 0.0
1553162817 0.0
1553163124 0.0
1553163433 0.0
1553163741 0.0
1553164049 0.0
1553164352 0.0
1553164668 0.0
1553164980 0.0
1553165288 0.0
1553165600 0.0
1553165908 0.0
1553166219 0.0
1553166531 0.0
1553166843 0.0
1553167157 0.0
1553167469 0.0
1553167778 0.0
1553168092 0.0
1553168400 0.0
1553168713 0.0
1553169023 0.0
1553169335 0.0
1553169645 0.0
1553169957 0.0
1553170263 0.0
1553170575 0.0
1553170884 0.0
1553171191 0.0
1553171500 0.0
1553171813 0.0
1553172115 0.0
1553172422 0.0
1553172733 0.0
1553173045 0.0
1553173365 0.0
1553173678 0.0
1553173985 0.0
1553174297 0.0
1553174607 0.0
1553174922 0.0
1553175234 0.0
1553175547 0.0
1553175863 0.0
1553176176 0.0
1553176485 0.0
1553176797 0.0
1553177106 0.0
1553177418 0.0
1553177731 0.0
1553178039 0.0
1553178351 0.0
1553178661 0.0
1553178969 0.0
1553179272 0.0
1553179578 0.0
1553179893 0.0
1553180205 0.0
1553180519 0.0
1553180831 0.0
1553181136 0.0
1553181449 0.0
1553181764 0.0
1553182080 0.0
1553182386 0.0
1553182697 0.0
1553183009 0.0
1553183324 0.0
1553183637 0.0
1553183949 0.0
1553184258 0.0
1553184569 0.0
1553184881 0.0
1553185194 0.0
1553185506 0.0
1553185816 0.0
1553186126 0.0
1553186442 0.0
1553186755 0.0
1553187067 0.0
1553187374 0.0
1553187679 0.0
1553187988 0.0
1553188304 0.0
1553188615 0.0
1553188926 0.0
1553189235 0.0
1553189547 0.0
1553189854 0.0
1553190161 0.0
1553190466 0.0
1553190772 0.0
1553191086 0.0
1553191397 0.0
1553191702 0.0
1553192008 0.0
1553192320 0.0
1553192629 0.0
1553192939 0.0
1553193253 0.0
1553193561 0.0
1553193874 0.0
1553194186 0.0
1553194494 0.0
1553194802 0.0
1553195114 0.0
1553195423 0.0
1553195738 0.0
1553196052 0.0
1553196363 0.0
1553196674 0.0
1553196978 0.0
1553197285 0.0
1553197594 0.0
1553197905 0.0
1553198214 0.0
1553198524 0.0
1553198832 0.0
1553199139 0.0
1553199447 0.0
1553199758 0.0
1553200068 0.0
1553200377 0.0
1553200686 0.0
1553200994 0.0
1553201310 0.0
1553201615 0.0
1553201932 0.0
1553202245 0.0
1553202551 0.0
1553202865 0.0
1553203181 0.0
1553203492 0.0
1553203800 0.0
1553204108 0.0
1553204418 0.0
1553204735 0.0
1553205050 0.0
1553205359 0.0
1553205670 0.0
1553205986 0.0
1553206295 0.0
1553206605 0.0
1553206913 0.0
1553207227 0.0
1553207539 0.0
1553207849 0.0
1553208160 0.0
1553208473 0.0
1553208784 0.0
1553209095 0.0
1553209401 0.0
1553209714 0.0
1553210025 0.0
1553210336 0.0
1553210646 0.0
1553210962 0.0
1553211276 0.0
1553211590 0.0
1553211897 0.0
1553212204 0.0
1553212515 0.0
1553212823 0.0
1553213134 0.0
1553213440 0.0
1553213751 0.0
1553214060 0.0
1553214370 0.0
1553214681 0.0
1553214993 0.0
1553215307 0.0
1553215618 0.0
1553215931 0.0
1553216239 0.0
1553216553 0.0
1553216868 0.0
1553217180 0.0
1553217490 0.0
1553217804 0.0
1553218115 0.0
1553218427 0.0
1553218738 0.0
1553219051 0.0
1553219365 0.0
1553219677 0.0
1553219992 0.0
1553220300 0.0
1553220613 0.0
1553220923 0.0
1553221235 0.0
1553221546 0.0
1553221857 0.0
1553222165 0.0
1553222473 0.0
1553222782 0.0
1553223094 0.0
1553223407 0.0
1553223713 0.0
1553224016 0.0
1553224325 0.0
1553224633 0.0
1553224940 0.0
1553225253 0.0
1553225563 0.0
1553225877 0.0
1553226190 0.0
1553226498 0.0
1553226810 0.0
1553227119 0.0
1553227426 0.0
1553227734 0.0
1553228051 0.0
1553228365 0.0
1553228674 0.0
1553228989 0.0
1553229302 0.0
1553229609 0.0
1553229917 0.0
1553230236 0.0
1553230548 0.0
1553230860 0.0
1553231171 0.0
1553231481 0.0
1553231796 0.0
1553232105 0.0
1553232416 0.0
1553232731 0.0
1553233045 0.0
1553233351 0.0
1553233660 0.0
1553233971 0.0
1553234283 0.0
1553234593 0.0
1553234903 0.0
1553235213 0.0
1553235529 0.0
1553235840 0.0
1553236149 0.0
1553236461 0.0
1553236771 0.0
1553237080 0.0
1553237396 0.0
1553237711 0.0
1553238020 0.0
1553238331 0.0
1553238638 13.0
1553238946 0.0
1553239258 0.0
1553239568 0.0
1553239879 0.0
1553240192 0.0
1553240506 0.0
1553240818 0.0
1553241129 0.0
1553241447 0.0
1553241761 0.0
1553242071 0.0
1553242381 0.0
1553242690 0.0
1553242997 0.0
1553243307 0.0
1553243615 0.0
1553243923 0.0
1553244236 0.0
1553244546 0.0
1553244859 0.0
1553245167 0.0
1553245477 0.0
1553245787 0.0
1553246100 0.0
1553246410 0.0
1553246717 0.0
1553247025 0.0
1553247335 0.0
1553247647 0.0
1553247961 0.0
1553248272 0.0
1553248582 0.0
1553248889 0.0
1553249202 0.0
1553249518 0.0
1553249832 0.0
1553250135 0.0
1553250448 0.0
1553250761 0.0
1553251072 0.0
1553251386 0.0
1553251693 0.0
1553252000 0.0
1553252312 0.0
1553252620 0.0
1553252931 0.0
1553253238 0.0
1553253554 0.0
1553253863 0.0
1553254178 0.0
1553254492 0.0
1553254803 0.0
1553255120 0.0
1553255430 0.0
1553255735 0.0
1553256046 0.0
1553256356 0.0
1553256665 0.0
1553256974 0.0
1553257286 0.0
1553257603 0.0
1553257912 0.0
1553258224 0.0
1553258538 0.0
1553258845 0.0
1553259158 0.0
1553259471 0.0
1553259783 0.0
1553260091 0.0
1553260400 0.0
1553260712 0.0
1553261019 0.0
1553261329 0.0
1553261641 0.0
1553261952 0.0
1553262264 0.0
1553262572 0.0
1553262887 0.0
1553263194 264.0
1553263564 335.0
1553263873 411.0
1553264187 601.0
1553264493 702.0
1553264801 920.0
1553265113 0.0
1553265425 0.0
1553265737 0.0
1553266045 0.0
1553266356 0.0
1553266660 0.0
1553266971 0.0
1553267281 0.0
1553267592 0.0
1553267897 0.0
1553268207 0.0
1553268514 0.0
1553268825 0.0
1553269133 0.0
1553269447 0.0
1553269758 0.0
1553270070 0.0
1553270377 0.0
1553270690 0.0
1553271001 0.0
1553271310 0.0
1553271623 0.0
1553271935 0.0
1553272242 0.0
1553272549 0.0
1553272853 0.0
1553273166 0.0
1553273478 0.0
1553273789 0.0
1553274102 0.0
1553274411 0.0
1553274721 0.0
1553275033 0.0
1553275343 0.0
1553275651 0.0
1553275964 0.0
1553276275 0.0
1553276587 0.0
1553276898 0.0
1553277209 0.0
1553277516 0.0
1553277829 0.0
1553278135 0.0
1553278444 0.0
1553278758 0.0
1553279071 0.0
1553279381 0.0
1553279694 0.0
1553280001 0.0
1553280312 0.0
1553280623 0.0
1553280934 0.0
1553281246 0.0
1553281562 0.0
1553281874 0.0
1553282184 0.0
1553282494 0.0
1553282800 0.0
1553283116 0.0
1553283427 0.0
1553283742 0.0
1553284059 0.0
1553284367 0.0
1553284675 0.0
1553284977 0.0
1553285289 0.0
1553285600 0.0
1553285914 0.0
1553286222 0.0
1553286532 0.0
1553286840 0.0
1553287149 0.0
1553287461 0.0
1553287771 0.0
1553288076 0.0
1553288387 0.0
1553288700 0.0
1553289014 0.0
1553289330 0.0
1553289638 0.0
1553289947 0.0
1553290260 0.0
1553290579 0.0
1553290893 0.0
1553291202 0.0
1553291518 0.0
1553291827 0.0
1553292141 0.0
1553292455 0.0
1553292768 0.0
1553293077 0.0
1553293389 0.0
1553293700 0.0
1553294011 0.0
1553294326 0.0
1553294641 0.0
1553294951 0.0
1553295262 0.0
1553295573 0.0
1553295884 0.0
1553296200 0.0
1553296505 0.0
1553296820 0.0
1553297130 0.0
1553297436 0.0
1553297745 0.0
1553298055 0.0
1553298367 0.0
1553298681 0.0
1553298989 0.0
1553299299 0.0
1553299609 0.0
1553299919 0.0
1553300232 0.0
1553300544 0.0
1553300853 0.0
1553301162 0.0
1553301472 0.0
1553301781 0.0
1553302093 0.0
1553302402 0.0
1553302715 0.0
1553303024 0.0
1553303336 0.0
1553303649 0.0
1553303956 0.0
1553304262 0.0
1553304572 0.0
1553304882 0.0
1553305196 0.0
1553305506 0.0
1553305817 0.0
1553306127 0.0
1553306437 0.0
1553306751 0.0
1553307069 0.0
1553307376 0.0
1553307686 0.0
1553308001 0.0
1553308311 0.0
1553308622 0.0
1553308932 0.0
1553309247 0.0
1553309555 0.0
1553309865 0.0
1553310168 0.0
1553310474 0.0
1553310787 0.0
1553311099 0.0
1553311403 0.0
1553311716 0.0
1553312025 0.0
1553312336 0.0
1553312640 0.0
1553312954 0.0
1553313269 0.0
1553313579 0.0
1553313884 0.0
1553314197 0.0
1553314504 0.0
1553314818 0.0
1553315128 0.0
1553315441 0.0
1553315755 0.0
1553316069 0.0
1553316375 0.0
1553316683 0.0
1553316995 0.0
