1553005939 11.0
1553006244 12.0
1553006551 12.0
1553006927 12.0
1553007242 12.0
1553007617 12.0
1553007996 12.0
1553008304 12.0
1553008684 12.0
1553008990 12.0
1553009301 12.0
1553009729 12.0
1553010039 12.0
1553010353 12.0
1553010668 12.0
1553010983 12.0
1553011289 12.0
1553011594 12.0
1553011907 12.0
1553012218 12.0
1553012530 12.0
1553012908 12.0
1553013215 12.0
1553013529 12.0
1553013838 12.0
1553014211 12.0
1553014525 12.0
1553014839 12.0
1553015147 12.0
1553015452 4.0
1553015768 0.0
1553016083 0.0
1553016395 0.0
1553016709 0.0
1553017018 0.0
1553017328 0.0
1553017641 0.0
1553017949 0.0
1553018259 0.0
1553018568 0.0
1553018883 0.0
1553019189 0.0
1553019499 0.0
1553019807 0.0
1553020117 0.0
1553020432 0.0
1553020744 0.0
1553021058 0.0
1553021371 0.0
1553021678 0.0
1553021985 0.0
1553022301 0.0
1553022614 0.0
1553022921 0.0
1553023231 0.0
1553023547 0.0
1553023859 0.0
1553024166 0.0
1553024478 0.0
1553024786 0.0
1553025096 0.0
1553025403 0.0
1553025711 0.0
1553026021 0.0
1553026330 0.0
1553026638 0.0
1553026951 0.0
1553027261 0.0
1553027569 0.0
1553027878 0.0
1553028186 0.0
1553028492 0.0
1553028807 0.0
1553029117 0.0
1553029428 0.0
1553029735 0.0
1553030046 0.0
1553030363 0.0
1553030667 0.0
1553030982 0.0
1553031293 0.0
1553031604 0.0
1553031913 0.0
1553032221 0.0
1553032531 0.0
1553032850 0.0
1553033160 0.0
1553033463 0.0
1553033773 0.0
1553034086 0.0
1553034395 0.0
1553034704 0.0
1553035018 0.0
1553035328 0.0
1553035639 0.0
1553035954 0.0
1553036266 0.0
1553036575 0.0
1553036886 0.0
1553037199 0.0
1553037514 0.0
1553037825 0.0
1553038133 0.0
1553038448 0.0
1553038758 0.0
1553039072 0.0
1553039384 0.0
1553039695 0.0
1553040005 0.0
1553040318 0.0
1553040630 0.0
1553040938 0.0
1553041245 0.0
1553041552 0.0
1553041859 0.0
1553042170 0.0
1553042479 0.0
1553042795 0.0
1553043102 0.0
1553043414 0.0
1553043721 0.0
1553044026 0.0
1553044341 0.0
1553044651 0.0
1553044959 0.0
1553045269 0.0
1553045581 0.0
1553045894 0.0
1553046206 0.0
1553046512 0.0
1553046818 0.0
1553047129 0.0
1553047443 0.0
1553047756 0.0
1553048076 0.0
1553048390 0.0
1553048703 0.0
1553049015 0.0
1553049330 0.0
1553049641 0.0
1553049952 0.0
1553050266 0.0
1553050583 0.0
1553050891 0.0
1553051203 0.0
1553051515 0.0
1553051828 0.0
1553052142 0.0
1553052455 0.0
1553052771 0.0
1553053082 0.0
1553053394 0.0
1553053705 0.0
1553054022 0.0
1553054332 0.0
1553054641 0.0
1553054947 0.0
1553055261 0.0
1553055575 0.0
1553055883 0.0
1553056195 0.0
1553056499 0.0
1553056809 0.0
1553057119 0.0
1553057430 0.0
1553057748 0.0
1553058057 0.0
1553058482 -
1553059082 -
1553059682 -
1553060041 0.0
1553060347 0.0
1553060660 0.0
1553060969 0.0
1553061286 0.0
1553061600 0.0
1553061914 0.0
1553062225 0.0
1553062535 0.0
1553062845 0.0
1553063158 0.0
1553063468 0.0
1553063772 0.0
1553064083 0.0
1553064398 0.0
1553064704 0.0
1553065020 0.0
1553065330 0.0
1553065642 0.0
1553065951 0.0
1553066261 0.0
1553066573 0.0
1553066884 0.0
1553067193 0.0
1553067505 0.0
1553067812 0.0
1553068118 0.0
1553068427 0.0
1553068740 0.0
1553069053 0.0
1553069362 0.0
1553069676 0.0
1553069984 0.0
1553070292 0.0
1553070603 0.0
1553070914 0.0
1553071228 0.0
1553071541 0.0
1553071856 0.0
1553072162 0.0
1553072474 0.0
1553072784 0.0
1553073100 0.0
1553073413 0.0
1553073726 0.0
1553074037 0.0
1553074348 0.0
1553074655 0.0
1553074970 0.0
1553075279 0.0
1553075588 0.0
1553075894 0.0
1553076203 0.0
1553076508 0.0
1553076818 0.0
1553077124 0.0
1553077436 0.0
1553077753 0.0
1553078065 0.0
1553078372 0.0
1553078684 0.0
1553078992 0.0
1553079304 0.0
1553079618 0.0
1553079932 0.0
1553080248 0.0
1553080566 0.0
1553080877 0.0
1553081182 0.0
1553081495 0.0
1553081804 0.0
1553082113 0.0
1553082428 0.0
1553082744 0.0
1553083055 0.0
1553083363 0.0
1553083673 0.0
1553083981 0.0
1553084290 0.0
1553084605 0.0
1553084914 0.0
1553085230 0.0
1553085541 0.0
1553085850 0.0
1553086159 0.0
1553086468 0.0
1553086776 0.0
1553087086 0.0
1553087399 0.0
1553087708 0.0
1553088010 0.0
1553088319 0.0
1553088631 0.0
1553088942 0.0
1553089250 0.0
1553089561 0.0
1553089871 0.0
1553090183 0.0
1553090498 0.0
1553090807 0.0
1553091117 0.0
1553091427 0.0
1553091736 0.0
1553092049 0.0
1553092356 0.0
1553092661 0.0
1553092970 0.0
1553093283 0.0
1553093590 0.0
1553093895 0.0
1553094208 0.0
1553094510 0.0
1553094821 0.0
1553095128 0.0
1553095442 0.0
1553095756 0.0
1553096066 0.0
1553096371 0.0
1553096687 0.0
1553096993 0.0
1553097311 0.0
1553097620 0.0
1553097930 0.0
1553098239 0.0
1553098547 0.0
1553098859 0.0
1553099170 0.0
1553099481 0.0
1553099785 0.0
1553100092 0.0
1553100407 0.0
1553100718 0.0
1553101030 0.0
1553101336 0.0
1553101645 0.0
1553101955 0.0
1553102265 0.0
1553102575 0.0
1553102891 0.0
1553103167 -
1553103202 0.0
1553103468 -
1553103516 0.0
1553103769 -
1553103829 0.0
1553104070 -
1553104143 0.0
1553104371 -
1553104454 0.0
1553104672 -
1553104765 0.0
1553104973 -
1553105073 0.0
1553105274 -
1553105384 0.0
1553105575 -
1553105695 0.0
1553105876 -
1553106004 0.0
1553106177 -
1553106312 0.0
1553106478 -
1553106614 0.0
1553106779 -
1553106922 0.0
1553107080 -
1553107236 0.0
1553107381 -
1553107546 0.0
1553107682 -
1553107857 0.0
1553107983 -
1553108174 0.0
1553108284 -
1553108490 0.0
1553108585 -
1553108799 0.0
1553108886 -
1553109109 0.0
1553109187 -
1553109419 0.0
1553109488 -
1553109733 0.0
1553109789 -
1553110045 0.0
1553110090 -
1553110363 0.0
1553110391 -
1553110676 0.0
1553110692 -
1553110984 0.0
1553110993 -
1553111297 0.0
1553111595 -
1553111610 0.0
1553111920 0.0
1553112227 0.0
1553112530 0.0
1553112842 0.0
1553113157 0.0
1553113465 0.0
1553113773 0.0
1553114089 0.0
1553114400 0.0
1553114706 0.0
1553115018 0.0
1553115332 0.0
1553115640 0.0
1553115948 0.0
1553116260 0.0
1553116564 0.0
1553116874 0.0
1553117188 0.0
1553117501 0.0
1553117807 0.0
1553118111 0.0
1553118418 0.0
1553118728 0.0
1553119041 0.0
1553119348 0.0
1553119658 0.0
1553119975 0.0
1553120284 0.0
1553120595 0.0
1553120913 0.0
1553121224 0.0
1553121538 0.0
1553121846 0.0
1553122155 0.0
1553122468 0.0
1553122784 0.0
1553123096 0.0
1553123406 0.0
1553123720 0.0
1553124029 0.0
1553124334 0.0
1553124642 0.0
1553124957 0.0
1553125271 0.0
1553125583 0.0
1553125891 0.0
1553126201 0.0
1553126510 0.0
1553126819 0.0
1553127130 0.0
1553127444 0.0
1553127753 0.0
1553128062 0.0
1553128373 0.0
1553128687 0.0
1553128995 0.0
1553129306 0.0
1553129620 0.0
1553129931 0.0
1553130248 0.0
1553130564 0.0
1553130874 0.0
1553131181 0.0
1553131492 0.0
1553131801 0.0
1553132108 0.0
1553132418 0.0
1553132728 0.0
1553133043 0.0
1553133356 0.0
1553133670 0.0
1553133982 0.0
1553134293 0.0
1553134601 0.0
1553134913 0.0
1553135228 0.0
1553135534 0.0
1553135848 0.0
1553136159 0.0
1553136473 0.0
1553136785 0.0
1553137095 0.0
1553137408 0.0
1553137718 0.0
1553138026 0.0
1553138337 0.0
1553138647 0.0
1553138959 0.0
1553139270 0.0
1553139581 0.0
1553139890 0.0
1553140201 0.0
1553140507 0.0
1553140823 0.0
1553141138 0.0
1553141446 0.0
1553141753 0.0
1553142068 0.0
1553142378 0.0
1553142693 0.0
1553143005 0.0
1553143314 0.0
1553143623 0.0
1553143930 0.0
1553144237 0.0
1553144545 0.0
1553144858 0.0
1553145168 2.0
1553145479 13.0
1553145795 12.0
1553146107 12.0
1553146421 7.0
1553146729 0.0
1553147045 0.0
1553147354 0.0
1553147664 0.0
1553147973 0.0
1553148282 0.0
1553148592 0.0
1553148908 0.0
1553149212 0.0
1553149519 0.0
1553149834 0.0
1553150146 0.0
1553150453 0.0
1553150761 0.0
1553151070 0.0
1553151379 0.0
1553151690 0.0
1553151998 0.0
1553152314 0.0
1553152625 0.0
1553152934 0.0
1553153249 0.0
1553153560 0.0
1553153874 0.0
1553154186 0.0
1553154498 0.0
1553154807 0.0
1553155115 0.0
1553155427 0.0
1553155738 0.0
1553156049 0.0
1553156357 0.0
1553156664 0.0
1553156972 0.0
1553157278 0.0
1553157586 0.0
1553157899 0.0
1553158212 0.0
1553158527 0.0
1553158838 0.0
1553159144 0.0
1553159458 0.0
1553159773 0.0
1553160084 0.0
1553160388 0.0
1553160702 0.0
1553161010 0.0
1553161325 0.0
1553161629 0.0
1553161937 0.0
1553162247 0.0
1553162562 0.0
1553162873 0.0
1553163182 0.0
1553163492 0.0
1553163808 0.0
1553164117 0.0
1553164426 0.0
1553164737 0.0
1553165052 0.0
1553165362 0.0
1553165672 0.0
1553165987 0.0
1553166299 0.0
1553166615 0.0
1553166921 0.0
1553167230 0.0
1553167542 0.0
1553167848 0.0
1553168159 0.0
1553168472 0.0
1553168780 0.0
1553169090 0.0
1553169399 0.0
1553169717 0.0
1553170024 0.0
1553170337 0.0
1553170649 0.0
1553170961 0.0
1553171276 0.0
1553171580 0.0
1553171889 0.0
1553172201 0.0
1553172509 0.0
1553172819 0.0
1553173132 0.0
1553173442 0.0
1553173749 0.0
1553174068 0.0
1553174379 0.0
1553174685 0.0
1553174990 0.0
1553175298 0.0
1553175607 0.0
1553175928 0.0
1553176236 0.0
1553176550 0.0
1553176866 0.0
1553177173 0.0
1553177489 0.0
1553177798 0.0
1553178109 0.0
1553178419 0.0
1553178727 0.0
1553179038 0.0
1553179351 0.0
1553179662 0.0
1553179971 0.0
1553180279 0.0
1553180592 0.0
1553180899 0.0
1553181206 0.0
1553181516 0.0
1553181825 0.0
1553182136 0.0
1553182442 0.0
1553182754 0.0
1553183068 0.0
1553183374 0.0
1553183685 0.0
1553183999 0.0
1553184310 0.0
1553184619 0.0
1553184929 0.0
1553185235 0.0
1553185541 0.0
1553185847 0.0
1553186156 0.0
1553186465 0.0
1553186779 0.0
1553187089 0.0
1553187400 0.0
1553187708 0.0
1553188015 0.0
1553188329 0.0
1553188634 0.0
1553188944 0.0
1553189255 0.0
1553189567 0.0
1553189880 0.0
1553190195 0.0
1553190507 0.0
1553190821 0.0
1553191127 0.0
1553191436 0.0
1553191745 0.0
1553192064 0.0
1553192374 0.0
1553192686 0.0
1553192996 0.0
1553193307 0.0
1553193615 0.0
1553193924 0.0
1553194235 0.0
1553194551 0.0
1553194858 0.0
1553195166 0.0
1553195480 0.0
1553195789 0.0
1553196100 0.0
1553196407 0.0
1553196719 0.0
1553197030 0.0
1553197340 0.0
1553197650 0.0
1553197966 0.0
1553198279 0.0
1553198589 0.0
1553198900 0.0
1553199215 0.0
1553199529 0.0
1553199842 0.0
1553200147 0.0
1553200454 0.0
1553200765 0.0
1553201076 0.0
1553201388 0.0
1553201701 0.0
1553202012 0.0
1553202323 0.0
1553202634 0.0
1553202942 0.0
1553203250 0.0
1553203559 0.0
1553203870 0.0
1553204179 0.0
1553204493 0.0
1553204800 0.0
1553205114 0.0
1553205422 0.0
1553205728 0.0
1553206032 0.0
1553206339 0.0
1553206652 0.0
1553206963 0.0
1553207273 0.0
1553207578 0.0
1553207887 0.0
1553208196 0.0
1553208508 0.0
1553208817 0.0
1553209131 0.0
1553209438 0.0
1553209747 0.0
1553210059 0.0
1553210373 0.0
1553210684 0.0
1553210997 0.0
1553211303 0.0
1553211609 0.0
1553211922 0.0
1553212231 0.0
1553212545 0.0
1553212860 0.0
1553213167 0.0
1553213482 0.0
1553213796 0.0
1553214102 0.0
1553214410 0.0
1553214720 0.0
1553215034 0.0
1553215350 0.0
1553215662 0.0
1553215976 0.0
1553216286 0.0
1553216597 0.0
1553216912 0.0
1553217227 0.0
1553217540 0.0
1553217852 0.0
1553218163 0.0
1553218474 0.0
1553218786 0.0
1553219093 0.0
1553219407 0.0
1553219716 0.0
1553220031 0.0
1553220345 0.0
1553220654 0.0
1553220966 0.0
1553221277 0.0
1553221587 0.0
1553221895 0.0
1553222200 0.0
1553222509 0.0
1553222818 0.0
1553223130 0.0
1553223440 0.0
1553223752 0.0
1553224062 0.0
1553224378 0.0
1553224688 0.0
1553225004 0.0
1553225317 0.0
1553225624 0.0
1553225935 0.0
1553226247 0.0
1553226555 0.0
1553226868 0.0
1553227177 0.0
1553227485 0.0
1553227798 0.0
1553228103 0.0
1553228415 0.0
1553228730 0.0
1553229043 0.0
1553229353 0.0
1553229664 0.0
1553229973 0.0
1553230281 0.0
1553230597 0.0
1553230910 0.0
1553231222 0.0
1553231531 0.0
1553231841 0.0
1553232151 0.0
1553232461 0.0
1553232778 0.0
1553233085 0.0
1553233392 0.0
1553233702 0.0
1553234013 0.0
1553234326 0.0
1553234639 0.0
1553234951 0.0
1553235265 0.0
1553235582 0.0
1553235888 14.0
1553236199 12.0
1553236504 12.0
1553236816 12.0
1553237192 12.0
1553237503 12.0
1553237810 12.0
1553238118 12.0
1553238429 11.0
1553238741 11.0
1553239114 12.0
1553239429 12.0
1553239740 12.0
1553240046 12.0
1553240356 11.0
1553240667 11.0
1553240976 11.0
1553241286 11.0
1553241599 11.0
1553241911 11.0
1553242224 11.0
1553242534 11.0
1553242844 11.0
1553243155 11.0
1553243464 11.0
1553243774 11.0
1553244087 11.0
1553244398 11.0
1553244709 11.0
1553245022 11.0
1553245332 11.0
1553245643 11.0
1553245954 11.0
1553246267 11.0
1553246580 11.0
1553246893 11.0
1553247202 11.0
1553247508 11.0
1553247815 11.0
1553248122 11.0
1553248437 11.0
1553248746 11.0
1553249053 11.0
1553249361 11.0
1553249671 11.0
1553249988 11.0
1553250292 11.0
1553250598 11.0
1553250908 11.0
1553251220 11.0
1553251530 11.0
1553251842 11.0
1553252150 11.0
1553252456 11.0
1553252765 11.0
1553253080 11.0
1553253390 11.0
1553253703 11.0
1553254011 11.0
1553254323 11.0
1553254635 11.0
1553254946 6.0
1553255260 0.0
1553255567 0.0
1553255879 10.0
1553256188 12.0
1553256503 12.0
1553256817 12.0
1553257122 12.0
1553257431 12.0
1553257742 12.0
1553258049 12.0
1553258356 12.0
1553258667 12.0
1553258980 12.0
1553259294 12.0
1553259604 12.0
1553259916 12.0
1553260224 11.0
1553260530 11.0
1553260841 11.0
1553261156 11.0
1553261466 11.0
1553261779 12.0
1553262095 11.0
1553262404 11.0
1553262714 11.0
1553263025 11.0
1553263339 11.0
1553263646 11.0
1553263955 11.0
1553264268 11.0
1553264578 11.0
1553264894 11.0
1553265202 11.0
1553265512 11.0
1553265823 11.0
1553266136 11.0
1553266446 11.0
1553266756 11.0
1553267065 11.0
1553267381 11.0
1553267699 12.0
1553268009 11.0
1553268325 12.0
1553268643 11.0
1553268950 11.0
1553269265 11.0
1553269579 11.0
1553269891 11.0
1553270202 11.0
1553270512 11.0
1553270827 11.0
1553271142 6.0
1553271453 12.0
1553271760 12.0
1553272072 12.0
1553272380 11.0
1553272689 11.0
1553272996 11.0
1553273304 11.0
1553273612 11.0
1553273924 11.0
1553274232 11.0
1553274541 11.0
1553274846 11.0
1553275159 11.0
1553275470 11.0
1553275776 11.0
1553276088 11.0
1553276393 11.0
1553276699 11.0
1553277013 11.0
1553277324 11.0
1553277632 11.0
1553277943 11.0
1553278246 11.0
1553278561 11.0
1553278873 11.0
1553279184 11.0
1553279491 12.0
1553279799 11.0
1553280104 12.0
1553280408 12.0
1553280725 12.0
1553281037 11.0
1553281348 11.0
1553281660 12.0
1553281972 12.0
1553282288 12.0
1553282597 12.0
1553282911 11.0
1553283219 12.0
1553283527 11.0
1553283839 11.0
1553284150 11.0
1553284458 11.0
1553284766 4.0
1553285076 0.0
1553285381 0.0
1553285694 0.0
1553286008 0.0
1553286318 0.0
1553286628 0.0
1553286938 0.0
1553287252 0.0
1553287567 0.0
1553287879 0.0
1553288190 0.0
1553288496 0.0
1553288804 0.0
1553289119 0.0
1553289433 0.0
1553289741 0.0
1553290051 0.0
1553290361 0.0
1553290675 0.0
1553290986 0.0
1553291295 0.0
1553291608 0.0
1553291922 0.0
1553292233 0.0
1553292542 0.0
1553292853 0.0
1553293169 0.0
1553293478 0.0
1553293789 0.0
1553294097 0.0
1553294410 0.0
1553294718 0.0
1553295029 0.0
1553295339 0.0
1553295642 0.0
1553295960 0.0
1553296268 0.0
1553296571 0.0
1553296881 0.0
1553297189 0.0
1553297502 0.0
1553297813 0.0
1553298125 0.0
1553298433 0.0
1553298741 0.0
1553299052 0.0
1553299362 0.0
1553299671 0.0
1553299980 0.0
1553300296 0.0
1553300612 0.0
1553300920 0.0
1553301234 0.0
1553301542 0.0
1553301855 0.0
1553302163 0.0
1553302475 0.0
1553302784 0.0
1553303096 0.0
1553303406 0.0
1553303716 0.0
1553304027 0.0
1553304342 0.0
1553304654 0.0
1553304965 0.0
1553305271 0.0
1553305582 0.0
1553305890 0.0
1553306202 0.0
1553306508 0.0
1553306818 0.0
1553307130 0.0
1553307438 0.0
1553307753 0.0
1553308057 0.0
1553308372 0.0
1553308683 0.0
1553308995 0.0
1553309308 0.0
1553309617 0.0
