1553005945 25.0
1553006260 26.0
1553006574 26.0
1553006907 26.0
1553007217 26.0
1553007531 26.0
1553007840 26.0
1553008153 26.0
1553008465 26.0
1553008778 26.0
1553009082 26.0
1553009397 25.0
1553009709 26.0
1553010015 26.0
1553010324 26.0
1553010638 26.0
1553010950 26.0
1553011262 26.0
1553011574 26.0
1553011885 26.0
1553012195 26.0
1553012509 26.0
1553012821 26.0
1553013132 26.0
1553013441 26.0
1553013752 25.0
1553014059 26.0
1553014369 26.0
1553014678 26.0
1553014993 26.0
1553015312 26.0
1553015626 26.0
1553015934 26.0
1553016244 26.0
1553016555 26.0
1553016870 26.0
1553017181 26.0
1553017488 26.0
1553017803 26.0
1553018109 26.0
1553018422 26.0
1553018735 26.0
1553019114 26.0
1553019424 26.0
1553019737 26.0
1553020050 26.0
1553020357 26.0
1553020669 26.0
1553020983 26.0
1553021293 26.0
1553021602 26.0
1553021911 26.0
1553022224 25.0
1553022535 26.0
1553022841 26.0
1553023214 26.0
1553023521 26.0
1553023831 26.0
1553024144 26.0
1553024457 26.0
1553024767 25.0
1553025082 26.0
1553025392 26.0
1553025830 26.0
1553026142 26.0
1553026452 26.0
1553026762 26.0
1553027082 26.0
1553027391 26.0
1553027706 26.0
1553028015 26.0
1553028331 26.0
1553028642 26.0
1553028961 26.0
1553029271 26.0
1553029584 26.0
1553029901 26.0
1553030272 25.0
1553030579 26.0
1553030890 26.0
1553031201 26.0
1553031508 26.0
1553031816 27.0
1553032128 27.0
1553032437 27.0
1553032746 27.0
1553033058 27.0
1553033373 27.0
1553033686 27.0
1553033998 26.0
1553034310 27.0
1553034623 26.0
1553034932 26.0
1553035247 27.0
1553035550 26.0
1553035863 26.0
1553036176 26.0
1553036544 26.0
1553036855 26.0
1553037234 26.0
1553037543 26.0
1553037855 26.0
1553038168 26.0
1553038478 26.0
1553038788 26.0
1553039099 25.0
1553039414 26.0
1553039720 26.0
1553040036 26.0
1553040349 26.0
1553040661 26.0
1553040973 26.0
1553041282 26.0
1553041591 26.0
1553041901 26.0
1553042214 26.0
1553042524 26.0
1553042836 26.0
1553043150 26.0
1553043460 25.0
1553043773 26.0
1553044088 26.0
1553044398 26.0
1553044708 26.0
1553045017 26.0
1553045328 26.0
1553045639 26.0
1553045945 26.0
1553046253 26.0
1553046560 26.0
1553046871 26.0
1553047183 26.0
1553047496 26.0
1553047807 26.0
1553048119 25.0
1553048424 26.0
1553048732 26.0
1553049045 26.0
1553049353 26.0
1553049659 26.0
1553049963 26.0
1553050281 26.0
1553050589 26.0
1553050903 26.0
1553051215 26.0
1553051524 26.0
1553051836 26.0
1553052148 26.0
1553052459 26.0
1553052771 26.0
1553053082 25.0
1553053390 26.0
1553053706 26.0
1553054016 26.0
1553054328 26.0
1553054635 26.0
1553054951 26.0
1553055263 26.0
1553055637 26.0
1553055944 26.0
1553056258 26.0
1553056571 26.0
1553056946 26.0
1553057255 25.0
1553057567 26.0
1553057877 26.0
1553058191 26.0
1553058507 26.0
1553058816 26.0
1553059127 25.0
1553059439 26.0
1553059750 26.0
1553060116 26.0
1553060431 26.0
1553060741 26.0
1553061056 26.0
1553061366 26.0
1553061677 25.0
1553061991 26.0
1553062303 26.0
1553062615 26.0
1553062925 26.0
1553063234 26.0
1553063540 26.0
1553063856 26.0
1553064166 26.0
1553064475 26.0
1553064784 26.0
1553065094 26.0
1553065405 26.0
1553065711 26.0
1553066027 26.0
1553066334 26.0
1553066640 26.0
1553066951 26.0
1553067260 26.0
1553067569 26.0
1553067876 26.0
1553068186 26.0
1553068502 26.0
1553068816 25.0
1553069124 26.0
1553069437 26.0
1553069748 26.0
1553070068 26.0
1553070377 26.0
1553070746 25.0
1553071060 26.0
1553071370 26.0
1553071681 26.0
1553071994 26.0
1553072305 26.0
1553072611 26.0
1553072925 25.0
1553073297 26.0
1553073611 26.0
1553073927 26.0
1553074242 26.0
1553074549 26.0
1553074857 26.0
1553075165 26.0
1553075472 25.0
1553075785 26.0
1553076100 26.0
1553076413 26.0
1553076728 26.0
1553077039 26.0
1553077350 26.0
1553077661 26.0
1553077974 26.0
1553078287 26.0
1553078596 26.0
1553078910 26.0
1553079276 25.0
1553079586 26.0
1553079901 26.0
1553080211 26.0
1553080521 26.0
1553080832 26.0
1553081144 26.0
1553081461 26.0
1553081765 26.0
1553082074 26.0
1553082390 26.0
1553082707 26.0
1553083015 26.0
1553083324 26.0
1553083635 26.0
1553083942 26.0
1553084318 26.0
1553084626 26.0
1553084944 26.0
1553085256 26.0
1553085567 26.0
1553085877 25.0
1553086188 26.0
1553086500 26.0
1553086814 26.0
1553087131 26.0
1553087441 25.0
1553087812 26.0
1553088126 26.0
1553088498 26.0
1553088811 26.0
1553089119 26.0
1553089434 26.0
1553089743 26.0
1553090055 25.0
1553090361 26.0
1553090673 26.0
1553090982 26.0
1553091292 26.0
1553091608 26.0
1553091925 26.0
1553092232 26.0
1553092546 26.0
1553092852 26.0
1553093165 26.0
1553093481 26.0
1553093793 26.0
1553094106 26.0
1553094414 26.0
1553094728 26.0
1553095042 26.0
1553095353 26.0
1553095655 26.0
1553095966 26.0
1553096280 26.0
1553096589 26.0
1553096900 26.0
1553097213 26.0
1553097523 26.0
1553097837 26.0
1553098152 26.0
1553098459 25.0
1553098772 26.0
1553099143 26.0
1553099449 26.0
1553099760 26.0
1553100067 26.0
1553100376 26.0
1553100690 26.0
1553101002 25.0
1553101312 26.0
1553101625 26.0
1553101937 26.0
1553102251 26.0
1553102561 26.0
1553102872 26.0
1553103176 25.0
1553103484 26.0
1553103797 26.0
1553104108 26.0
1553104420 26.0
1553104730 26.0
1553105043 26.0
1553105355 26.0
1553105667 27.0
1553105976 26.0
1553106286 26.0
1553106597 26.0
1553106906 26.0
1553107221 26.0
1553107532 25.0
1553107842 26.0
1553108152 26.0
1553108461 26.0
1553108774 26.0
1553109086 26.0
1553109392 26.0
1553109697 26.0
1553110005 26.0
1553110316 26.0
1553110627 26.0
1553110936 26.0
1553111245 26.0
1553111551 26.0
1553111867 26.0
1553112176 26.0
1553112490 26.0
1553112801 27.0
1553113114 27.0
1553113426 27.0
1553113739 27.0
1553114050 27.0
1553114363 27.0
1553114669 26.0
1553114984 26.0
1553115294 26.0
1553115607 27.0
1553115917 26.0
1553116222 26.0
1553116536 26.0
1553116847 26.0
1553117155 25.0
1553117468 26.0
1553117777 26.0
1553118088 26.0
1553118398 26.0
1553118710 26.0
1553119019 26.0
1553119329 26.0
1553119639 26.0
1553119946 26.0
1553120255 26.0
1553120563 26.0
1553120876 26.0
1553121188 26.0
1553121500 26.0
1553121809 26.0
1553122119 25.0
1553122425 26.0
1553122731 26.0
1553123042 26.0
1553123356 26.0
1553123665 26.0
1553123982 26.0
1553124299 26.0
1553124611 26.0
1553124918 26.0
1553125225 26.0
1553125540 26.0
1553125853 26.0
1553126162 25.0
1553126470 26.0
1553126776 26.0
1553127090 26.0
1553127399 26.0
1553127708 26.0
1553128026 26.0
1553128333 26.0
1553128643 26.0
1553128959 26.0
1553129268 26.0
1553129576 26.0
1553129887 26.0
1553130200 26.0
1553130504 26.0
1553130818 26.0
1553131126 25.0
1553131495 26.0
1553131803 26.0
1553132115 26.0
1553132427 26.0
1553132733 26.0
1553133044 26.0
1553133348 26.0
1553133661 26.0
1553133969 26.0
1553134275 25.0
1553134589 26.0
1553134897 26.0
1553135205 26.0
1553135518 26.0
1553135833 26.0
1553136143 26.0
1553136451 25.0
1553136825 26.0
1553137141 26.0
1553137452 26.0
1553137766 26.0
1553138073 26.0
1553138382 26.0
1553138689 26.0
1553139006 26.0
1553139318 26.0
1553139630 26.0
1553139937 26.0
1553140248 26.0
1553140555 26.0
1553140865 26.0
1553141177 26.0
1553141481 26.0
1553141793 26.0
1553142109 26.0
1553142424 26.0
1553142737 26.0
1553143045 26.0
1553143356 25.0
1553143667 26.0
1553143980 26.0
1553144286 26.0
1553144596 26.0
1553144911 26.0
1553145218 26.0
1553145529 25.0
1553145842 26.0
1553146150 26.0
1553146454 26.0
1553146764 26.0
1553147074 26.0
1553147384 26.0
1553147695 26.0
1553148004 26.0
1553148312 26.0
1553148627 26.0
1553148939 26.0
1553149254 26.0
1553149564 26.0
1553149874 26.0
1553150186 26.0
1553150496 25.0
1553150809 26.0
1553151120 26.0
1553151430 26.0
1553151749 26.0
1553152054 26.0
1553152368 25.0
1553152681 26.0
1553152994 26.0
1553153308 26.0
1553153621 26.0
1553153929 26.0
1553154233 25.0
1553154548 26.0
1553154858 26.0
1553155232 26.0
1553155541 26.0
1553155854 26.0
1553156166 26.0
1553156472 26.0
1553156787 26.0
1553157092 26.0
1553157409 26.0
1553157725 26.0
1553158035 26.0
1553158350 26.0
1553158664 26.0
1553158974 26.0
1553159285 26.0
1553159596 26.0
1553159903 26.0
1553160214 26.0
1553160522 26.0
1553160830 26.0
1553161135 26.0
1553161441 25.0
1553161753 26.0
1553162058 26.0
1553162370 26.0
1553162680 26.0
1553162990 26.0
1553163298 26.0
1553163615 26.0
1553163928 25.0
1553164232 26.0
1553164544 26.0
1553164853 26.0
1553165160 26.0
1553165470 26.0
1553165780 26.0
1553166089 26.0
1553166396 26.0
1553166705 25.0
1553167014 26.0
1553167327 26.0
1553167636 26.0
1553167954 26.0
1553168266 26.0
1553168573 26.0
1553168889 26.0
1553169198 26.0
1553169507 26.0
1553169819 26.0
1553170128 26.0
1553170442 26.0
1553170757 26.0
1553171069 25.0
1553171378 26.0
1553171686 26.0
1553172001 26.0
1553172309 26.0
1553172621 26.0
1553172931 26.0
1553173241 26.0
1553173557 26.0
1553173870 26.0
1553174180 26.0
1553174492 26.0
1553174801 26.0
1553175117 26.0
1553175426 25.0
1553175734 26.0
1553176046 26.0
1553176350 26.0
1553176660 26.0
1553176970 26.0
1553177282 26.0
1553177592 25.0
1553177903 26.0
1553178279 26.0
1553178592 26.0
1553178906 26.0
1553179220 26.0
1553179532 25.0
1553179846 26.0
1553180155 26.0
1553180465 26.0
1553180772 26.0
1553181085 26.0
1553181391 26.0
1553181698 26.0
1553182005 26.0
1553182311 26.0
1553182617 25.0
1553182928 26.0
1553183234 26.0
1553183542 26.0
1553183854 26.0
1553184170 26.0
1553184487 26.0
1553184793 26.0
1553185102 25.0
1553185417 26.0
1553185724 26.0
1553186029 26.0
1553186335 26.0
1553186641 26.0
1553186945 26.0
1553187314 26.0
1553187629 26.0
1553187936 26.0
1553188246 26.0
1553188560 26.0
1553188871 26.0
1553189182 26.0
1553189495 26.0
1553189806 26.0
1553190120 26.0
1553190438 26.0
1553190742 26.0
1553191053 26.0
1553191361 26.0
1553191670 26.0
1553191974 26.0
1553192284 26.0
1553192596 26.0
1553192908 25.0
1553193219 26.0
1553193529 26.0
1553193834 26.0
1553194151 26.0
1553194459 26.0
1553194768 26.0
1553195077 26.0
1553195393 26.0
1553195702 26.0
1553196010 26.0
1553196325 26.0
1553196635 26.0
1553196949 26.0
1553197258 26.0
1553197565 26.0
1553197879 26.0
1553198189 26.0
1553198503 26.0
1553198818 26.0
1553199133 26.0
1553199442 26.0
1553199754 26.0
1553200063 26.0
1553200372 26.0
1553200678 26.0
1553200987 26.0
1553201297 26.0
1553201608 26.0
1553201916 25.0
1553202230 26.0
1553202536 26.0
1553202847 26.0
1553203156 26.0
1553203471 26.0
1553203774 26.0
1553204087 26.0
1553204393 26.0
1553204707 26.0
1553205014 26.0
1553205323 26.0
1553205634 26.0
1553205945 26.0
1553206257 26.0
1553206563 26.0
1553206872 26.0
1553207181 26.0
1553207552 25.0
1553207860 26.0
1553208171 26.0
1553208484 26.0
1553208794 26.0
1553209108 26.0
1553209423 26.0
1553209728 26.0
1553210042 26.0
1553210357 26.0
1553210673 26.0
1553210982 26.0
1553211293 26.0
1553211599 25.0
1553211910 26.0
1553212216 26.0
1553212527 26.0
1553212838 26.0
1553213152 26.0
1553213463 26.0
1553213774 26.0
1553214084 25.0
1553214391 26.0
1553214702 26.0
1553215012 26.0
1553215320 26.0
1553215629 26.0
1553215940 26.0
1553216249 26.0
1553216564 26.0
1553216874 26.0
1553217188 26.0
1553217494 26.0
1553217800 26.0
1553218116 26.0
1553218427 26.0
1553218745 26.0
1553219057 26.0
1553219373 26.0
1553219685 26.0
1553219997 26.0
1553220311 26.0
1553220624 26.0
1553220932 26.0
1553221249 26.0
1553221559 26.0
1553221870 26.0
1553222183 26.0
1553222553 25.0
1553222867 26.0
1553223171 26.0
1553223482 26.0
1553223793 26.0
1553224106 26.0
1553224412 26.0
1553224723 26.0
1553225031 25.0
1553225344 26.0
1553225653 26.0
1553225965 26.0
1553226274 26.0
1553226586 26.0
1553226895 26.0
1553227211 25.0
1553227530 26.0
1553227842 26.0
1553228161 26.0
1553228469 26.0
1553228778 26.0
1553229086 25.0
1553229394 26.0
1553229697 26.0
1553230007 26.0
1553230380 26.0
1553230694 26.0
1553231003 26.0
1553231312 26.0
1553231623 26.0
1553231933 26.0
1553232306 26.0
1553232618 26.0
1553232927 26.0
1553233244 26.0
1553233553 26.0
1553233864 25.0
1553234175 26.0
1553234488 26.0
1553234794 26.0
1553235104 26.0
1553235410 26.0
1553235725 26.0
1553236038 26.0
1553236349 25.0
1553236664 26.0
1553236974 26.0
1553237286 26.0
1553237590 26.0
1553237899 26.0
1553238207 26.0
1553238520 26.0
1553238837 25.0
1553239146 26.0
1553239458 26.0
1553239767 26.0
1553240075 26.0
1553240388 26.0
1553240698 26.0
1553241008 26.0
1553241317 25.0
1553241628 26.0
1553241939 26.0
1553242252 26.0
1553242559 26.0
1553242871 26.0
1553243181 26.0
1553243489 26.0
1553243799 26.0
1553244111 26.0
1553244428 26.0
1553244738 26.0
1553245051 26.0
1553245363 25.0
1553245673 26.0
1553245980 26.0
1553246292 26.0
1553246605 26.0
1553246915 26.0
1553247223 26.0
1553247536 26.0
1553247847 25.0
1553248159 26.0
1553248465 26.0
1553248774 26.0
1553249083 26.0
1553249401 26.0
1553249711 26.0
1553250023 26.0
1553250334 25.0
1553250709 26.0
1553251018 26.0
1553251328 26.0
1553251645 26.0
1553251950 26.0
1553252256 26.0
1553252565 26.0
1553252877 25.0
1553253189 26.0
1553253506 26.0
1553253814 26.0
1553254129 26.0
1553254436 25.0
1553254747 26.0
1553255059 26.0
1553255364 26.0
1553255675 26.0
1553255989 26.0
1553256298 25.0
1553256607 25.0
1553256918 25.0
1553257224 25.0
1553257533 25.0
1553257842 25.0
1553258152 25.0
1553258462 26.0
1553258775 26.0
1553259081 25.0
1553259396 26.0
1553259707 26.0
1553260016 25.0
1553260328 26.0
1553260632 25.0
1553260949 25.0
1553261259 25.0
1553261572 26.0
1553261886 26.0
1553262194 26.0
1553262510 25.0
1553262819 26.0
1553263137 25.0
1553263445 25.0
1553263750 26.0
1553264061 25.0
1553264374 25.0
1553264679 26.0
1553264988 25.0
1553265300 26.0
1553265609 26.0
1553265916 26.0
1553266226 26.0
1553266531 26.0
1553266837 26.0
1553267143 26.0
1553267449 26.0
1553267758 25.0
1553268071 26.0
1553268380 26.0
1553268690 26.0
1553268999 26.0
1553269305 26.0
1553269612 26.0
1553269925 26.0
1553270234 25.0
1553270547 26.0
1553270854 26.0
1553271165 26.0
1553271472 26.0
1553271783 26.0
1553272094 26.0
1553272404 25.0
1553272716 26.0
1553273025 26.0
1553273338 26.0
1553273650 26.0
1553273969 26.0
1553274280 26.0
1553274589 26.0
1553274899 26.0
1553275210 26.0
1553275524 26.0
1553275831 26.0
1553276142 26.0
1553276452 26.0
1553276763 26.0
1553277076 25.0
1553277391 26.0
1553277700 26.0
1553278013 26.0
1553278325 26.0
1553278637 26.0
1553278949 26.0
1553279257 26.0
1553279563 26.0
1553279874 26.0
1553280193 26.0
1553280502 26.0
1553280812 26.0
1553281126 25.0
1553281442 26.0
1553281748 26.0
1553282058 26.0
1553282368 26.0
1553282671 26.0
1553282982 26.0
1553283292 26.0
1553283601 26.0
1553283912 26.0
1553284226 26.0
1553284544 26.0
1553284851 26.0
1553285160 26.0
1553285468 26.0
1553285776 27.0
1553286083 27.0
1553286393 27.0
1553286702 27.0
1553287013 27.0
1553287386 27.0
1553287692 27.0
1553288006 27.0
1553288318 27.0
1553288627 27.0
1553288944 27.0
1553289256 27.0
1553289565 28.0
1553289876 28.0
1553290182 27.0
1553290491 27.0
1553290804 27.0
1553291116 27.0
1553291426 27.0
1553291732 27.0
1553292044 26.0
1553292362 26.0
1553292672 26.0
1553292984 26.0
1553293297 26.0
1553293610 26.0
1553293919 26.0
1553294233 26.0
1553294545 26.0
1553294857 26.0
1553295170 25.0
1553295480 26.0
1553295788 26.0
1553296101 26.0
1553296409 26.0
1553296721 26.0
1553297037 26.0
1553297349 26.0
1553297655 26.0
1553297966 26.0
1553298279 26.0
1553298593 26.0
1553298906 26.0
1553299215 25.0
1553299526 26.0
1553299834 26.0
1553300141 26.0
1553300452 26.0
1553300768 26.0
1553301080 26.0
1553301394 26.0
1553301699 25.0
1553302008 26.0
1553302319 26.0
1553302632 26.0
1553302941 26.0
1553303245 26.0
1553303553 26.0
1553303862 26.0
1553304177 26.0
1553304487 26.0
1553304797 26.0
1553305107 26.0
1553305417 26.0
1553305726 26.0
1553306035 26.0
1553306342 26.0
1553306652 26.0
1553306966 26.0
1553307281 26.0
1553307586 26.0
1553307895 26.0
1553308206 26.0
1553308515 26.0
1553308831 26.0
1553309145 26.0
1553309453 26.0
1553309760 26.0
1553310077 26.0
1553310387 26.0
1553310692 26.0
1553311006 26.0
1553311318 25.0
1553311631 26.0
1553311942 26.0
1553312254 26.0
1553312570 26.0
1553312881 26.0
1553313199 25.0
1553313511 26.0
1553313817 26.0
1553314125 26.0
1553314438 26.0
1553314753 26.0
1553315065 26.0
1553315374 26.0
1553315687 26.0
1553316003 26.0
1553316315 26.0
1553316624 26.0
1553316933 26.0
1553317245 26.0
1553317550 26.0
1553317856 26.0
1553318173 26.0
1553318483 26.0
1553318799 26.0
