1553005944 0.0
1553006252 0.0
1553006563 0.0
1553006871 0.0
1553007177 0.0
1553007487 0.0
1553007802 0.0
1553008109 0.0
1553008422 0.0
1553008734 0.0
1553009036 0.0
1553009347 0.0
1553009656 0.0
1553009971 0.0
1553010282 0.0
1553010595 0.0
1553010910 0.0
1553011223 0.0
1553011533 0.0
1553011849 0.0
1553012161 0.0
1553012470 0.0
1553012778 0.0
1553013086 0.0
1553013395 0.0
1553013705 0.0
1553014015 0.0
1553014320 0.0
1553014634 0.0
1553014947 0.0
1553015261 0.0
1553015573 0.0
1553015881 0.0
1553016191 0.0
1553016504 0.0
1553016811 0.0
1553017122 0.0
1553017430 0.0
1553017736 0.0
1553018046 0.0
1553018363 0.0
1553018668 0.0
1553018980 0.0
1553019293 0.0
1553019604 0.0
1553019921 0.0
1553020233 0.0
1553020544 0.0
1553020855 0.0
1553021164 0.0
1553021480 0.0
1553021788 0.0
1553022101 0.0
1553022411 0.0
1553022719 0.0
1553023029 0.0
1553023338 0.0
1553023647 0.0
1553023955 0.0
1553024267 0.0
1553024577 0.0
1553024892 83.0
1553025203 194.0
1553025517 184.0
1553025827 178.0
1553026139 175.0
1553026452 173.0
1553026758 172.0
1553027070 171.0
1553027382 170.0
1553027696 170.0
1553028001 169.0
1553028312 169.0
1553028621 169.0
1553028930 169.0
1553029241 169.0
1553029555 169.0
1553029866 169.0
1553030177 169.0
1553030483 168.0
1553030797 169.0
1553031105 168.0
1553031417 101.0
1553031730 0.0
1553032044 0.0
1553032359 0.0
1553032667 0.0
1553032981 0.0
1553033291 0.0
1553033603 0.0
1553033918 0.0
1553034226 0.0
1553034537 0.0
1553034847 0.0
1553035153 0.0
1553035463 0.0
1553035771 0.0
1553036077 0.0
1553036389 0.0
1553036705 0.0
1553037011 0.0
1553037323 0.0
1553037633 0.0
1553037942 0.0
1553038252 0.0
1553038561 0.0
1553038870 0.0
1553039187 0.0
1553039495 0.0
1553039808 0.0
1553040116 0.0
1553040429 0.0
1553040737 0.0
1553041052 0.0
1553041365 0.0
1553041676 0.0
1553041988 0.0
1553042298 0.0
1553042608 0.0
1553042920 0.0
1553043232 0.0
1553043538 0.0
1553043854 0.0
1553044160 0.0
1553044479 0.0
1553044794 0.0
1553045105 0.0
1553045412 0.0
1553045725 0.0
1553046036 0.0
1553046346 0.0
1553046657 0.0
1553046965 0.0
1553047275 0.0
1553047585 0.0
1553047896 0.0
1553048201 0.0
1553048520 0.0
1553048828 0.0
1553049134 0.0
1553049446 0.0
1553049756 0.0
1553050068 0.0
1553050380 0.0
1553050690 0.0
1553051004 0.0
1553051318 0.0
1553051624 0.0
1553051937 0.0
1553052247 0.0
1553052555 0.0
1553052867 0.0
1553053177 0.0
1553053487 0.0
1553053800 0.0
1553054111 0.0
1553054423 0.0
1553054732 0.0
1553055041 0.0
1553055356 0.0
1553055671 0.0
1553055988 0.0
1553056296 0.0
1553056606 0.0
1553056913 0.0
1553057227 0.0
1553057538 0.0
1553057851 0.0
1553058164 0.0
1553058477 0.0
1553058789 0.0
1553059102 0.0
1553059409 0.0
1553059716 0.0
1553060019 0.0
1553060332 0.0
1553060647 0.0
1553060959 0.0
1553061266 0.0
1553061578 0.0
1553061887 0.0
1553062192 0.0
1553062501 0.0
1553062818 0.0
1553063125 0.0
1553063432 0.0
1553063741 0.0
1553064060 0.0
1553064374 0.0
1553064683 0.0
1553064997 0.0
1553065306 0.0
1553065618 0.0
1553065927 0.0
1553066239 0.0
1553066550 0.0
1553066858 0.0
1553067166 0.0
1553067471 0.0
1553067782 0.0
1553068099 0.0
1553068411 0.0
1553068720 0.0
1553069032 0.0
1553069344 0.0
1553069648 0.0
1553069966 0.0
1553070276 0.0
1553070586 0.0
1553070896 0.0
1553071210 0.0
1553071518 0.0
1553071832 0.0
1553072140 0.0
1553072448 0.0
1553072761 0.0
1553073068 0.0
1553073382 0.0
1553073690 0.0
1553073998 0.0
1553074308 0.0
1553074622 0.0
1553074933 0.0
1553075245 0.0
1553075559 0.0
1553075873 0.0
1553076185 0.0
1553076501 0.0
1553076814 0.0
1553077127 0.0
1553077436 0.0
1553077745 0.0
1553078059 0.0
1553078370 0.0
1553078686 0.0
1553079000 0.0
1553079309 0.0
1553079614 0.0
1553079928 0.0
1553080239 0.0
1553080550 0.0
1553080861 0.0
1553081177 0.0
1553081488 0.0
1553081799 0.0
1553082107 0.0
1553082410 0.0
1553082723 0.0
1553083034 0.0
1553083347 0.0
1553083661 0.0
1553083972 0.0
1553084283 0.0
1553084593 0.0
1553084905 0.0
1553085213 0.0
1553085526 0.0
1553085839 0.0
1553086150 0.0
1553086463 0.0
1553086773 0.0
1553087083 0.0
1553087394 0.0
1553087708 0.0
1553088028 0.0
1553088339 0.0
1553088651 0.0
1553088962 0.0
1553089273 0.0
1553089577 0.0
1553089891 0.0
1553090202 0.0
1553090512 0.0
1553090823 0.0
1553091137 0.0
1553091445 0.0
1553091760 0.0
1553092068 0.0
1553092379 0.0
1553092694 0.0
1553093003 0.0
1553093313 0.0
1553093624 0.0
1553093939 0.0
1553094253 0.0
1553094562 0.0
1553094870 0.0
1553095181 0.0
1553095492 0.0
1553095797 0.0
1553096104 0.0
1553096415 0.0
1553096724 0.0
1553097035 0.0
1553097346 0.0
1553097657 0.0
1553097968 0.0
1553098276 0.0
1553098589 0.0
1553098897 0.0
1553099211 0.0
1553099520 0.0
1553099823 0.0
1553100136 0.0
1553100444 0.0
1553100757 0.0
1553101059 0.0
1553101370 0.0
1553101683 0.0
1553101994 0.0
1553102301 0.0
1553102614 0.0
1553102921 0.0
1553103231 0.0
1553103541 0.0
1553103854 0.0
1553104165 0.0
1553104474 0.0
1553104785 0.0
1553105093 0.0
1553105408 0.0
1553105720 0.0
1553106024 0.0
1553106330 0.0
1553106643 0.0
1553106952 0.0
1553107260 0.0
1553107571 0.0
1553107883 0.0
1553108185 0.0
1553108496 0.0
1553108807 0.0
1553109115 0.0
1553109420 0.0
1553109732 197.0
1553110043 185.0
1553110355 179.0
1553110668 174.0
1553110982 172.0
1553111297 171.0
1553111605 170.0
1553111912 170.0
1553112221 169.0
1553112532 168.0
1553112844 168.0
1553113156 168.0
1553113467 168.0
1553113776 167.0
1553114088 168.0
1553114403 167.0
1553114712 168.0
1553115024 34.0
1553115337 0.0
1553115641 0.0
1553115951 0.0
1553116263 0.0
1553116570 0.0
1553116882 0.0
1553117195 0.0
1553117507 0.0
1553117813 0.0
1553118126 0.0
1553118439 0.0
1553118749 0.0
1553119065 0.0
1553119374 0.0
1553119684 0.0
1553119992 0.0
1553120298 0.0
1553120607 0.0
1553120920 0.0
1553121229 0.0
1553121540 0.0
1553121842 0.0
1553122156 0.0
1553122466 0.0
1553122775 0.0
1553123082 0.0
1553123390 0.0
1553123697 0.0
1553124008 0.0
1553124321 0.0
1553124636 0.0
1553124942 0.0
1553125250 0.0
1553125566 0.0
1553125876 0.0
1553126189 0.0
1553126497 0.0
1553126803 0.0
1553127113 0.0
1553127427 0.0
1553127739 0.0
1553128049 0.0
1553128360 0.0
1553128668 0.0
1553128986 0.0
1553129293 0.0
1553129601 0.0
1553129916 0.0
1553130230 0.0
1553130540 0.0
1553130846 0.0
1553131155 0.0
1553131461 0.0
1553131773 0.0
1553132083 0.0
1553132390 0.0
1553132698 0.0
1553133015 0.0
1553133334 0.0
1553133643 0.0
1553133955 0.0
1553134268 0.0
1553134585 0.0
1553134893 0.0
1553135207 0.0
1553135518 0.0
1553135828 0.0
1553136147 0.0
1553136456 0.0
1553136765 0.0
1553137068 0.0
1553137380 0.0
1553137692 0.0
1553138002 0.0
1553138314 0.0
1553138620 0.0
1553138931 0.0
1553139239 0.0
1553139548 0.0
1553139859 0.0
1553140171 0.0
1553140483 0.0
1553140795 0.0
1553141101 0.0
1553141409 0.0
1553141715 0.0
1553142025 0.0
1553142339 0.0
1553142654 0.0
1553142968 0.0
1553143281 0.0
1553143586 0.0
1553143899 0.0
1553144209 0.0
1553144519 0.0
1553144830 0.0
1553145142 0.0
1553145452 0.0
1553145761 0.0
1553146076 0.0
1553146387 0.0
1553146692 0.0
1553147000 0.0
1553147312 0.0
1553147627 0.0
1553147938 0.0
1553148251 0.0
1553148561 0.0
1553148875 0.0
1553149185 0.0
1553149493 0.0
1553149805 0.0
1553150115 0.0
1553150427 0.0
1553150734 0.0
1553151043 0.0
1553151358 0.0
1553151662 0.0
1553151978 0.0
1553152285 0.0
1553152603 0.0
1553152907 0.0
1553153217 0.0
1553153523 0.0
1553153838 0.0
1553154147 0.0
1553154457 0.0
1553154768 0.0
1553155078 0.0
1553155386 0.0
1553155692 0.0
1553156005 0.0
1553156316 0.0
1553156634 0.0
1553156946 0.0
1553157250 0.0
1553157564 0.0
1553157872 0.0
1553158181 0.0
1553158482 0.0
1553158794 0.0
1553159109 0.0
1553159421 0.0
1553159741 0.0
1553160056 0.0
1553160368 0.0
1553160675 0.0
1553160994 99.0
1553161306 191.0
1553161624 183.0
1553161937 178.0
1553162246 176.0
1553162557 174.0
1553162863 172.0
1553163172 171.0
1553163482 170.0
1553163792 170.0
1553164105 170.0
1553164415 169.0
1553164732 170.0
1553165041 68.0
1553165351 0.0
1553165661 0.0
1553165978 0.0
1553166292 0.0
1553166602 0.0
1553166915 0.0
1553167223 0.0
1553167535 0.0
1553167847 0.0
1553168158 0.0
1553168477 0.0
1553168785 0.0
1553169099 0.0
1553169407 0.0
1553169714 0.0
1553170027 0.0
1553170338 0.0
1553170644 0.0
1553170956 0.0
1553171268 0.0
1553171575 0.0
1553171883 0.0
1553172196 0.0
1553172505 0.0
1553172814 0.0
1553173134 0.0
1553173442 0.0
1553173756 0.0
1553174070 0.0
1553174378 0.0
1553174683 0.0
1553174989 0.0
1553175302 0.0
1553175613 0.0
1553175924 0.0
1553176234 0.0
1553176538 0.0
1553176847 0.0
1553177155 0.0
1553177465 0.0
1553177773 0.0
1553178088 0.0
1553178395 0.0
1553178704 0.0
1553179012 0.0
1553179318 0.0
1553179624 0.0
1553179938 0.0
1553180248 0.0
1553180561 0.0
1553180875 0.0
1553181188 0.0
1553181494 0.0
1553181805 0.0
1553182118 0.0
1553182431 0.0
1553182747 0.0
1553183061 0.0
1553183371 0.0
1553183678 0.0
1553183989 0.0
1553184302 0.0
1553184613 0.0
1553184923 0.0
1553185237 0.0
1553185555 0.0
1553185865 0.0
1553186178 0.0
1553186483 0.0
1553186794 0.0
1553187108 0.0
1553187422 0.0
1553187729 0.0
1553188046 0.0
1553188356 0.0
1553188669 0.0
1553188979 0.0
1553189296 0.0
1553189611 0.0
1553189918 0.0
1553190231 0.0
1553190543 0.0
1553190860 0.0
1553191177 0.0
1553191489 0.0
1553191802 0.0
1553192117 0.0
1553192427 0.0
1553192737 0.0
1553193049 0.0
1553193363 0.0
1553193670 0.0
1553193979 0.0
1553194290 0.0
1553194604 0.0
1553194909 0.0
1553195222 0.0
1553195528 119.0
1553195839 188.0
1553196151 182.0
1553196458 178.0
1553196772 176.0
1553197082 174.0
1553197391 172.0
1553197700 172.0
1553198010 171.0
1553198322 170.0
1553198630 170.0
1553198943 170.0
1553199253 169.0
1553199561 169.0
1553199875 169.0
1553200186 169.0
1553200502 169.0
1553200815 169.0
1553201125 169.0
1553201436 169.0
1553201743 169.0
1553202056 168.0
1553202366 169.0
1553202676 169.0
1553202985 169.0
1553203296 168.0
1553203605 136.0
1553203913 0.0
1553204226 0.0
1553204543 0.0
1553204858 0.0
1553205171 0.0
1553205482 0.0
1553205791 0.0
1553206104 0.0
1553206414 0.0
1553206728 0.0
1553207037 0.0
1553207345 0.0
1553207663 0.0
1553207976 0.0
1553208288 0.0
1553208598 0.0
1553208906 0.0
1553209217 0.0
1553209531 0.0
1553209844 0.0
1553210155 0.0
1553210467 0.0
1553210779 0.0
1553211086 0.0
1553211396 0.0
1553211706 0.0
1553212014 0.0
1553212327 0.0
1553212636 0.0
1553212949 0.0
1553213258 0.0
1553213570 0.0
1553213879 0.0
1553214191 0.0
1553214495 0.0
1553214805 0.0
1553215117 0.0
1553215429 0.0
1553215741 0.0
1553216052 0.0
1553216368 0.0
1553216677 0.0
1553216989 0.0
1553217302 0.0
1553217610 0.0
1553217919 0.0
1553218233 0.0
1553218541 0.0
1553218855 0.0
1553219165 0.0
1553219469 0.0
1553219781 0.0
1553220088 0.0
1553220398 0.0
1553220710 0.0
1553221022 0.0
1553221340 0.0
1553221656 0.0
1553221969 0.0
1553222276 0.0
1553222591 0.0
1553222907 0.0
1553223216 0.0
1553223526 0.0
1553223837 0.0
1553224154 0.0
1553224462 0.0
1553224772 0.0
1553225086 0.0
1553225391 0.0
1553225702 0.0
1553226015 0.0
1553226323 0.0
1553226629 0.0
1553226936 0.0
1553227245 0.0
1553227557 0.0
1553227866 0.0
1553228177 0.0
1553228484 0.0
1553228796 0.0
1553229105 0.0
1553229412 0.0
1553229722 0.0
1553230037 0.0
1553230346 0.0
1553230659 0.0
1553230968 0.0
1553231280 0.0
1553231588 0.0
1553231899 0.0
1553232210 0.0
1553232522 0.0
1553232828 0.0
1553233141 0.0
1553233453 0.0
1553233761 0.0
1553234071 0.0
1553234381 0.0
1553234698 0.0
1553235004 0.0
1553235312 0.0
1553235624 0.0
1553235935 0.0
1553236246 0.0
1553236558 0.0
1553236866 0.0
1553237174 0.0
1553237480 0.0
1553237794 0.0
1553238103 0.0
1553238421 0.0
1553238734 0.0
1553239041 0.0
1553239351 0.0
1553239658 0.0
1553239965 0.0
1553240280 0.0
1553240588 0.0
1553240904 0.0
1553241215 0.0
1553241530 0.0
1553241847 0.0
1553242155 0.0
1553242465 0.0
1553242773 0.0
1553243085 0.0
1553243398 0.0
1553243706 0.0
1553244021 0.0
1553244331 0.0
1553244641 0.0
1553244954 0.0
1553245266 0.0
1553245579 0.0
1553245889 0.0
1553246198 0.0
1553246508 0.0
1553246820 0.0
1553247132 0.0
1553247445 0.0
1553247754 0.0
1553248064 0.0
1553248380 0.0
1553248692 0.0
1553248999 0.0
1553249308 0.0
1553249620 0.0
1553249925 0.0
1553250238 0.0
1553250550 0.0
1553250856 0.0
1553251171 0.0
1553251481 0.0
1553251796 0.0
1553252109 0.0
1553252425 0.0
1553252738 0.0
1553253052 0.0
1553253370 0.0
1553253677 0.0
1553253988 0.0
1553254302 0.0
1553254614 0.0
1553254917 0.0
1553255230 0.0
1553255539 0.0
1553255844 0.0
1553256153 0.0
1553256461 0.0
1553256778 0.0
1553257090 0.0
1553257402 0.0
1553257707 0.0
1553258019 0.0
1553258326 0.0
1553258639 0.0
1553258951 0.0
1553259260 0.0
1553259574 0.0
1553259890 0.0
1553260206 0.0
1553260517 0.0
1553260826 0.0
1553261138 0.0
1553261448 0.0
1553261760 0.0
1553262074 0.0
1553262388 0.0
1553262702 0.0
1553263009 0.0
1553263320 0.0
1553263629 0.0
1553263942 0.0
1553264253 0.0
1553264561 0.0
1553264874 0.0
1553265190 0.0
1553265501 0.0
1553265813 0.0
1553266119 0.0
1553266432 0.0
1553266743 0.0
1553267059 0.0
1553267368 0.0
1553267678 0.0
1553267988 0.0
1553268299 0.0
1553268609 0.0
1553268920 0.0
1553269232 0.0
1553269544 0.0
1553269854 0.0
1553270162 0.0
1553270473 0.0
1553270784 0.0
1553271099 0.0
1553271414 0.0
1553271720 0.0
1553272030 0.0
1553272344 0.0
1553272656 0.0
1553272969 0.0
1553273282 0.0
1553273591 0.0
1553273906 0.0
1553274221 0.0
1553274525 0.0
1553274835 0.0
1553275144 0.0
1553275453 0.0
1553275762 0.0
1553276069 0.0
1553276378 0.0
1553276695 0.0
1553277006 0.0
1553277313 0.0
1553277629 0.0
1553277937 0.0
1553278247 0.0
1553278555 0.0
1553278868 0.0
1553279181 0.0
1553279490 0.0
1553279797 0.0
1553280115 0.0
1553280425 0.0
1553280735 0.0
1553281050 0.0
1553281363 0.0
1553281678 0.0
1553281988 0.0
1553282296 0.0
1553282604 0.0
1553282914 0.0
1553283229 0.0
1553283541 0.0
1553283851 0.0
1553284165 0.0
1553284477 0.0
1553284790 168.0
1553285158 185.0
1553285473 178.0
1553285779 174.0
1553286089 172.0
1553286398 172.0
1553286833 171.0
1553287144 170.0
1553287451 170.0
1553287763 169.0
1553288078 169.0
1553288384 168.0
1553288690 169.0
1553288999 169.0
1553289373 169.0
1553289675 168.0
1553289987 169.0
1553290303 169.0
1553290668 169.0
1553290980 169.0
1553291292 168.0
1553291601 102.0
1553291917 0.0
1553292225 0.0
1553292535 0.0
1553292846 0.0
1553293158 0.0
1553293471 0.0
1553293780 0.0
1553294092 0.0
1553294399 0.0
1553294703 0.0
1553295013 0.0
1553295324 0.0
1553295639 0.0
1553295947 0.0
1553296256 0.0
1553296565 0.0
1553296877 0.0
1553297185 0.0
1553297490 0.0
1553297798 0.0
1553298111 0.0
1553298421 0.0
1553298732 0.0
1553299042 0.0
1553299347 0.0
1553299661 0.0
1553299972 0.0
1553300288 0.0
1553300594 0.0
1553300901 0.0
1553301209 0.0
1553301514 0.0
1553301827 0.0
1553302136 0.0
1553302449 0.0
1553302760 0.0
1553303068 0.0
1553303381 0.0
1553303695 0.0
1553304002 0.0
1553304314 0.0
1553304628 0.0
1553304943 0.0
1553305260 0.0
1553305572 0.0
1553305882 0.0
1553306199 0.0
1553306512 0.0
1553306822 0.0
1553307129 0.0
1553307443 0.0
1553307760 0.0
1553308068 0.0
1553308375 0.0
1553308684 0.0
1553308995 0.0
1553309310 0.0
1553309622 0.0
1553309937 0.0
1553310246 0.0
1553310552 0.0
1553310857 0.0
1553311164 0.0
1553311469 0.0
1553311778 0.0
1553312085 0.0
1553312398 0.0
1553312706 0.0
1553313015 0.0
1553313321 0.0
1553313632 0.0
1553313949 0.0
1553314262 0.0
1553314573 0.0
1553314881 0.0
1553315194 0.0
1553315505 0.0
1553315811 0.0
1553316119 0.0
1553316427 0.0
1553316740 0.0
1553317050 0.0
1553317357 0.0
