1553007401 -
1553007704 0.0
1553008072 0.0
1553008383 0.0
1553008694 0.0
1553009007 0.0
1553009320 0.0
1553009630 0.0
1553009937 0.0
1553010253 0.0
1553010561 0.0
1553010874 0.0
1553011179 0.0
1553011491 0.0
1553011800 0.0
1553012112 0.0
1553012422 0.0
1553012737 0.0
1553013049 0.0
1553013355 0.0
1553013663 0.0
1553013977 0.0
1553014287 0.0
1553014596 0.0
1553014903 0.0
1553015215 0.0
1553015527 0.0
1553015836 0.0
1553016144 0.0
1553016452 0.0
1553016768 0.0
1553017081 0.0
1553017391 0.0
1553017702 0.0
1553018009 0.0
1553018322 0.0
1553018638 0.0
1553018957 0.0
1553019259 0.0
1553019565 0.0
1553019875 0.0
1553020186 0.0
1553020563 0.0
1553020871 0.0
1553021185 0.0
1553021499 0.0
1553021814 0.0
1553022186 0.0
1553022491 0.0
1553022806 0.0
1553023119 0.0
1553023432 0.0
1553023741 0.0
1553024051 0.0
1553024363 0.0
1553024674 0.0
1553024989 0.0
1553025296 0.0
1553025611 0.0
1553025923 0.0
1553026230 0.0
1553026543 0.0
1553026859 0.0
1553027171 0.0
1553027487 0.0
1553027806 0.0
1553028115 0.0
1553028427 0.0
1553028738 0.0
1553029055 0.0
1553029366 0.0
1553029742 0.0
1553030048 0.0
1553030359 0.0
1553030672 0.0
1553030978 0.0
1553031291 0.0
1553031605 0.0
1553031922 0.0
1553032234 0.0
1553032550 0.0
1553032861 0.0
1553033173 0.0
1553033475 0.0
1553033788 0.0
1553034093 0.0
1553034404 0.0
1553034716 0.0
1553035027 0.0
1553035343 0.0
1553035652 0.0
1553035961 0.0
1553036276 0.0
1553036589 0.0
1553036898 0.0
1553037208 0.0
1553037518 0.0
1553037830 0.0
1553038143 0.0
1553038456 0.0
1553038761 0.0
1553039070 0.0
1553039378 0.0
1553039686 0.0
1553039996 0.0
1553040304 0.0
1553040616 0.0
1553040933 0.0
1553041241 0.0
1553041549 0.0
1553041857 0.0
1553042168 0.0
1553042481 0.0
1553042793 0.0
1553043097 0.0
1553043414 0.0
1553043728 0.0
1553044039 0.0
1553044355 0.0
1553044663 0.0
1553044971 0.0
1553045283 0.0
1553045588 0.0
1553045905 0.0
1553046216 0.0
1553046527 0.0
1553046831 0.0
1553047141 0.0
1553047450 0.0
1553047764 0.0
1553048073 0.0
1553048379 0.0
1553048691 0.0
1553049002 0.0
1553049318 0.0
1553049633 0.0
1553049941 0.0
1553050256 0.0
1553050569 0.0
1553050879 0.0
1553051190 0.0
1553051504 0.0
1553051818 0.0
1553052127 0.0
1553052437 0.0
1553052746 0.0
1553053058 0.0
1553053370 0.0
1553053682 0.0
1553053992 0.0
1553054302 0.0
1553054613 0.0
1553054923 0.0
1553055237 0.0
1553055541 0.0
1553055855 0.0
1553056170 0.0
1553056483 0.0
1553056792 0.0
1553057104 0.0
1553057418 0.0
1553057725 0.0
1553058037 0.0
1553058348 0.0
1553058666 0.0
1553058971 0.0
1553059282 0.0
1553059593 0.0
1553059896 0.0
1553060209 0.0
1553060524 0.0
1553060836 0.0
1553061147 0.0
1553061451 0.0
1553061768 0.0
1553062082 0.0
1553062391 0.0
1553062699 0.0
1553063006 0.0
1553063315 0.0
1553063620 0.0
1553063934 0.0
1553064242 534.0
1553064550 2081.0
1553064862 1239.0
1553065179 50.0
1553065490 51.0
1553065796 53.0
1553066103 54.0
1553066414 69.0
1553066721 115.0
1553067032 5.0
1553067348 0.0
1553067657 0.0
1553067968 0.0
1553068286 0.0
1553068595 0.0
1553068906 0.0
1553069211 0.0
1553069523 0.0
1553069831 0.0
1553070141 0.0
1553070449 0.0
1553070757 0.0
1553071126 0.0
1553071432 0.0
1553071741 0.0
1553072058 0.0
1553072366 0.0
1553072673 0.0
1553072985 0.0
1553073297 0.0
1553073608 0.0
1553073919 0.0
1553074519 -
1553075119 -
1553075719 -
1553076319 -
1553076919 -
1553077519 -
1553078119 -
1553078719 -
1553079319 -
1553079919 -
1553080519 -
1553081119 -
1553081719 -
1553082319 -
1553082919 -
1553083519 -
1553084119 -
1553084719 -
1553085319 -
1553085919 -
1553086519 -
1553087119 -
1553087719 -
1553088319 -
1553088919 -
1553089519 -
1553090119 -
1553090719 -
1553091319 -
1553091919 -
1553092519 -
1553093119 -
1553093719 -
1553094319 -
1553094919 -
1553095519 -
1553096119 -
1553096719 -
1553097319 -
1553097919 -
1553098519 -
1553099119 -
1553099719 -
1553100319 -
1553100919 -
1553101519 -
1553102119 -
1553102719 -
1553103319 -
1553103919 -
1553104519 -
1553105119 -
1553105719 -
1553106319 -
1553106919 -
1553107519 -
1553108119 -
1553108719 -
1553109319 -
1553109919 -
1553110519 -
1553111119 -
1553111719 -
1553112030 0.0
1553112337 0.0
1553112646 0.0
1553112954 0.0
1553113264 0.0
1553113577 0.0
1553113888 0.0
1553114196 0.0
1553114505 0.0
1553114811 0.0
1553115122 0.0
1553115435 0.0
1553115744 0.0
1553116052 0.0
1553116364 0.0
1553116681 0.0
1553116993 0.0
1553117302 0.0
1553117609 0.0
1553117918 0.0
1553118231 0.0
1553118537 0.0
1553118848 0.0
1553119156 0.0
1553119465 0.0
1553119778 0.0
1553120091 0.0
1553120392 0.0
1553120699 0.0
1553121013 0.0
1553121321 0.0
1553121632 0.0
1553121946 0.0
1553122257 0.0
1553122569 0.0
1553122875 0.0
1553123188 0.0
1553123504 0.0
1553123813 0.0
1553124121 0.0
1553124429 0.0
1553124804 0.0
1553125118 0.0
1553125431 0.0
1553125749 0.0
1553126058 0.0
1553126374 0.0
1553126687 0.0
1553126994 0.0
1553127307 0.0
1553127614 0.0
1553127926 0.0
1553128242 0.0
1553128556 0.0
1553128870 0.0
1553129179 0.0
1553129493 0.0
1553129802 0.0
1553130113 0.0
1553130423 0.0
1553130732 0.0
1553131040 0.0
1553131352 0.0
1553131661 0.0
1553131970 0.0
1553132281 0.0
1553132590 0.0
1553132901 0.0
1553133388 -
1553133988 -
1553134588 -
1553135188 -
1553135788 -
1553136388 -
1553136988 -
1553137588 -
1553138188 -
1553138788 -
1553139388 -
1553139988 -
1553140588 -
1553141188 -
1553141788 -
1553142388 -
1553142988 -
1553143588 -
1553144188 -
1553144788 -
1553145388 -
1553145988 -
1553146588 -
1553147188 -
1553147788 -
1553148388 -
1553148988 -
1553149588 -
1553150188 -
1553150788 -
1553151388 -
1553151988 -
1553152588 -
1553153188 -
1553153788 -
1553154388 -
1553154988 -
1553155588 -
1553156188 -
1553156788 -
1553157388 -
1553157988 -
1553158588 -
1553159188 -
1553159788 -
1553160388 -
1553160988 -
1553161588 -
1553162188 -
1553162788 -
1553163388 -
1553163988 -
1553164588 -
1553165188 -
1553165788 -
1553166388 -
1553166988 -
1553167588 -
1553168188 -
1553168788 -
1553169388 -
1553169988 -
1553170588 -
1553171188 -
1553171788 -
1553172388 -
1553172988 -
1553173588 -
1553174188 -
1553174788 -
1553175388 -
1553175988 -
1553176588 -
1553177188 -
1553177788 -
1553178388 -
1553178988 -
1553179588 -
1553180188 -
1553180788 -
1553181388 -
1553181988 -
1553182588 -
1553183188 -
1553183788 -
1553184388 -
1553184988 -
1553185588 -
1553186188 -
1553186788 -
1553187388 -
1553187988 -
1553188588 -
1553189188 -
1553189788 -
1553190388 -
1553190988 -
1553191588 -
1553192188 -
1553192788 -
1553193388 -
1553193988 -
1553194588 -
1553195188 -
1553195788 -
1553196388 -
1553196988 -
1553197588 -
1553198188 -
1553198788 -
1553199388 -
1553199988 -
1553200588 -
1553201188 -
1553201788 -
1553202388 -
1553202988 -
1553203588 -
1553204188 -
1553204788 -
1553205388 -
1553205988 -
1553206588 -
1553207188 -
1553207788 -
1553208388 -
1553208988 -
1553209588 -
1553210188 -
1553210788 -
1553211388 -
1553211988 -
1553212588 -
1553213188 -
1553213788 -
1553214388 -
1553214988 -
1553215588 -
1553216188 -
1553216788 -
1553217388 -
1553217988 -
1553218588 -
1553219188 -
1553219788 -
1553220388 -
1553220988 -
1553221588 -
1553222188 -
1553222788 -
1553223388 -
1553223988 -
1553224588 -
1553225188 -
1553225788 -
1553226388 -
1553226988 -
1553227588 -
1553228188 -
1553228788 -
1553229388 -
1553229988 -
1553230588 -
1553231188 -
1553231788 -
1553232388 -
1553232988 -
1553233588 -
1553234188 -
1553234788 -
1553235388 -
1553235988 -
1553236588 -
1553237188 -
1553237788 -
1553238388 -
1553238988 -
1553239588 -
1553239942 27.0
1553240254 756.0
1553240564 2002.0
1553240871 1556.0
1553241175 156.0
1553241552 735.0
1553241866 155.0
1553242175 152.0
1553242486 152.0
1553242796 146.0
1553243103 109.0
1553243412 132.0
1553243730 133.0
1553244037 128.0
1553244346 134.0
1553244653 220.0
1553244962 6.0
1553245271 2.0
1553245583 2.0
1553245897 2.0
1553246208 2.0
1553246520 2.0
1553246837 2.0
1553247146 2.0
1553247459 2.0
1553247773 2.0
1553248084 2.0
1553248396 2.0
1553248704 2.0
1553249016 0.0
1553249334 0.0
1553249645 0.0
1553249961 0.0
1553250276 0.0
1553250584 0.0
1553250892 0.0
1553251199 0.0
1553251507 0.0
1553251815 0.0
1553252126 0.0
1553252435 0.0
1553252746 0.0
1553253052 0.0
1553253364 0.0
1553253676 0.0
1553253987 0.0
1553254298 0.0
1553254612 0.0
1553254924 0.0
1553255242 0.0
1553255557 0.0
1553255868 0.0
1553256176 0.0
1553256487 0.0
1553256797 0.0
1553257107 0.0
1553257419 0.0
1553257726 0.0
1553258038 0.0
1553258347 0.0
1553258655 0.0
1553258964 0.0
1553259276 0.0
1553259586 0.0
1553259898 0.0
1553260205 0.0
1553260513 0.0
1553260822 0.0
1553261131 0.0
1553261447 0.0
1553261755 0.0
1553262065 0.0
1553262373 0.0
1553262682 0.0
1553262998 0.0
1553263308 0.0
1553263619 0.0
1553263929 0.0
1553264240 0.0
1553264548 0.0
1553264919 0.0
1553265230 0.0
1553265543 0.0
1553265857 0.0
1553266170 0.0
1553266481 0.0
1553266794 0.0
1553267103 0.0
1553267410 0.0
1553267721 0.0
1553268033 0.0
1553268343 0.0
1553268654 0.0
1553268964 0.0
1553269276 0.0
1553269588 0.0
1553269897 0.0
1553270212 0.0
1553270526 0.0
1553270839 0.0
1553271146 0.0
1553271458 0.0
1553271769 0.0
1553272079 0.0
1553272392 0.0
1553272705 0.0
1553273021 0.0
1553273332 0.0
1553273641 0.0
1553273950 0.0
1553274261 0.0
1553274575 0.0
1553274884 0.0
1553275192 0.0
1553275505 0.0
1553275811 0.0
1553276116 0.0
1553276428 0.0
1553276741 0.0
1553277053 0.0
1553277364 0.0
1553277670 0.0
1553277973 0.0
1553278286 0.0
1553278601 0.0
1553278913 0.0
1553279221 0.0
1553279530 0.0
1553279842 0.0
1553280153 0.0
1553280467 0.0
1553280776 0.0
1553281086 0.0
1553281400 0.0
1553281713 0.0
1553282027 0.0
1553282339 0.0
1553282647 0.0
1553282963 0.0
1553283267 0.0
1553283572 0.0
1553283881 0.0
1553284198 0.0
1553284505 0.0
1553284819 0.0
1553285134 0.0
1553285439 0.0
1553285757 0.0
1553286067 0.0
1553286374 0.0
1553286691 0.0
1553287002 0.0
1553287310 0.0
1553287624 0.0
1553287937 0.0
1553288246 0.0
1553288555 0.0
1553288864 0.0
1553289168 0.0
1553289476 0.0
1553289789 0.0
1553290103 0.0
1553290409 0.0
1553290718 0.0
1553291027 0.0
1553291345 0.0
1553291654 0.0
1553291965 0.0
1553292278 0.0
1553292585 0.0
1553292900 0.0
1553293213 0.0
1553293524 0.0
1553293838 0.0
1553294154 0.0
1553294470 0.0
1553294783 0.0
1553295099 0.0
1553295412 0.0
1553295722 0.0
1553296030 0.0
1553296343 0.0
1553296656 0.0
1553296974 0.0
1553297283 0.0
1553297598 0.0
1553297907 0.0
1553298216 0.0
1553298534 0.0
1553298841 0.0
1553299154 0.0
1553299469 0.0
1553299779 0.0
1553300089 0.0
1553300408 0.0
1553300718 0.0
1553301030 0.0
1553301340 0.0
1553301653 0.0
1553301961 0.0
1553302274 0.0
1553302582 0.0
1553302895 0.0
1553303209 0.0
1553303519 0.0
1553303833 0.0
1553304145 0.0
1553304453 0.0
1553304763 0.0
1553305074 0.0
1553305379 0.0
1553305688 0.0
1553305999 0.0
1553306313 0.0
1553306627 0.0
1553306938 0.0
1553307244 0.0
1553307555 0.0
1553307864 0.0
1553308180 0.0
1553308494 0.0
1553308808 0.0
1553309117 0.0
1553309428 0.0
1553309805 0.0
1553310115 0.0
1553310423 0.0
1553310738 0.0
1553311047 0.0
1553311356 0.0
1553311668 0.0
1553311977 0.0
1553312291 0.0
1553312602 0.0
1553312914 0.0
1553313226 0.0
1553313539 0.0
1553313856 0.0
1553314165 0.0
1553314477 0.0
1553314788 0.0
1553315097 0.0
1553315403 0.0
1553315720 0.0
1553316029 0.0
1553316337 0.0
1553316650 0.0
1553316958 0.0
1553317266 0.0
1553317577 0.0
1553317888 0.0
1553318199 0.0
1553318508 0.0
1553318817 0.0
1553319126 0.0
1553319438 0.0
1553319755 0.0
1553320065 0.0
1553320373 0.0
1553320682 0.0
1553320991 0.0
1553321304 0.0
1553321613 0.0
1553321922 0.0
1553322227 0.0
1553322539 0.0
1553322855 0.0
1553323163 0.0
1553323477 0.0
1553323793 0.0
1553324098 0.0
1553324410 0.0
1553324723 0.0
1553325032 0.0
1553325343 28.0
1553325654 1007.0
1553325964 1422.0
1553326274 492.0
1553326582 89.0
1553326888 381.0
1553327190 90.0
1553327497 89.0
1553327808 87.0
1553328119 85.0
1553328426 76.0
1553328737 80.0
1553329109 99.0
1553329419 84.0
1553329732 202.0
1553330040 30.0
1553330351 2.0
1553330662 2.0
1553330973 1.0
1553331284 1.0
1553331593 107.0
1553331907 123.0
1553332220 1763.0
1553332530 1861.0
1553332836 1905.0
1553333145 612.0
1553333462 134.0
1553333775 134.0
1553334082 118.0
1553334389 120.0
1553334702 118.0
1553335012 115.0
1553335321 119.0
1553335634 115.0
1553335941 113.0
1553336253 95.0
1553336569 85.0
1553336882 95.0
1553337192 103.0
1553337500 79.0
1553337809 103.0
1553338118 86.0
1553338428 171.0
1553338735 95.0
1553339048 1.0
1553339355 0.0
1553339662 1.0
1553339982 0.0
1553340292 1.0
1553340599 1.0
1553340912 0.0
1553341222 0.0
1553341532 1.0
1553341845 0.0
1553342156 0.0
1553342466 1.0
1553342779 0.0
1553343086 1.0
1553343393 0.0
1553343697 0.0
1553344011 0.0
1553344318 1.0
1553344626 0.0
1553344936 0.0
1553345252 1.0
1553345562 1.0
1553345872 0.0
1553346184 0.0
1553346496 0.0
1553346802 1.0
1553347114 0.0
1553347432 1.0
1553347738 1.0
1553348049 0.0
1553348357 1.0
1553348668 1.0
1553348975 1.0
1553349286 0.0
1553349599 1.0
1553349910 0.0
1553350217 1.0
1553350525 0.0
1553350835 1.0
1553351144 1.0
1553351456 0.0
1553351766 0.0
1553352075 1.0
1553352385 1.0
1553352698 0.0
1553353008 1.0
1553353315 0.0
1553353624 1.0
1553353931 0.0
1553354242 1.0
1553354552 0.0
1553354863 0.0
1553355171 0.0
1553355482 1.0
1553355791 1.0
1553356098 0.0
1553356413 1.0
1553356729 0.0
1553357044 1.0
1553357354 0.0
1553357660 1.0
1553357973 0.0
1553358282 0.0
1553358588 1.0
1553358900 0.0
1553359212 1.0
1553359522 0.0
1553359835 0.0
1553360142 1.0
1553360454 0.0
1553360763 0.0
1553361068 1.0
1553361382 0.0
1553361693 1.0
1553362004 1.0
1553362318 1.0
1553362626 0.0
1553362936 1.0
1553363254 0.0
1553363566 1.0
1553363880 1.0
1553364187 0.0
1553364497 1.0
1553364805 0.0
1553365125 1.0
1553365434 1.0
1553365747 0.0
1553366062 0.0
1553366375 1.0
1553366681 0.0
1553367052 0.0
1553367359 0.0
1553367670 1.0
1553367984 0.0
1553368299 0.0
1553368610 0.0
1553368920 1.0
1553369232 1.0
1553369544 0.0
1553369855 0.0
1553370166 0.0
1553370478 0.0
1553370788 0.0
1553371098 0.0
1553371406 0.0
1553371717 0.0
1553372027 1.0
1553372345 1.0
1553372651 0.0
1553372964 1.0
1553373274 0.0
1553373585 1.0
1553373898 0.0
1553374205 1.0
1553374515 1.0
1553374829 0.0
1553375136 1.0
1553375443 0.0
1553375754 1.0
1553376064 0.0
1553376375 1.0
1553376686 0.0
1553376994 1.0
1553377299 1.0
1553377602 0.0
1553377918 0.0
1553378230 1.0
1553378545 1.0
1553378853 0.0
1553379159 1.0
1553379469 1.0
1553379778 0.0
1553380090 1.0
1553380399 1.0
1553380714 0.0
1553381022 1.0
1553381329 1.0
1553381635 1.0
1553382006 1.0
1553382317 0.0
1553382622 1.0
1553382933 0.0
1553383239 1.0
1553383549 1.0
1553383862 1.0
1553384173 0.0
1553384486 1.0
1553384800 0.0
1553385109 0.0
1553385421 0.0
1553385733 1.0
1553386051 0.0
1553386364 1.0
1553386677 1.0
1553386990 0.0
1553387300 0.0
1553387608 1.0
1553387913 0.0
1553388223 1.0
1553388538 1.0
1553388845 0.0
