1553007097 0.0
1553007403 4.0
1553007711 1918.0
1553008028 2231.0
1553008339 1333.0
1553008645 625.0
1553008959 2218.0
1553009268 2210.0
1553009576 603.0
1553009882 3.0
1553010195 1.0
1553010505 1.0
1553010813 1.0
1553011123 1.0
1553011435 1.0
1553011745 1.0
1553012054 1.0
1553012369 1.0
1553012681 1.0
1553012996 1.0
1553013306 1.0
1553013615 1.0
1553013925 1.0
1553014233 1.0
1553014544 1.0
1553014860 1.0
1553015171 1.0
1553015477 1.0
1553015786 1.0
1553016097 1.0
1553016409 1.0
1553016722 1.0
1553017033 1.0
1553017344 1.0
1553017649 1.0
1553017966 1.0
1553018278 1.0
1553018590 1.0
1553018900 1.0
1553019212 1.0
1553019520 1.0
1553019835 1.0
1553020147 1.0
1553020458 1.0
1553020767 1.0
1553021076 1.0
1553021389 1.0
1553021694 1.0
1553022005 1.0
1553022320 1.0
1553022628 1.0
1553022937 1.0
1553023248 1.0
1553023558 1.0
1553023866 1.0
1553024182 1.0
1553024492 1.0
1553024803 1.0
1553025114 1.0
1553025422 1.0
1553025737 1.0
1553026051 1.0
1553026362 1.0
1553026671 1.0
1553026985 1.0
1553027296 1.0
1553027609 1.0
1553027925 1.0
1553028238 1.0
1553028548 1.0
1553028854 1.0
1553029168 1.0
1553029477 1.0
1553029785 1.0
1553030092 1.0
1553030405 1.0
1553030719 1.0
1553031028 1.0
1553031343 1.0
1553031656 1.0
1553031964 1.0
1553032273 1.0
1553032586 1.0
1553032893 1.0
1553033211 1.0
1553033526 1.0
1553033834 1.0
1553034144 1.0
1553034454 1.0
1553034762 1.0
1553035073 1.0
1553035382 1.0
1553035694 1.0
1553036009 1.0
1553036318 1.0
1553036628 1.0
1553036938 1.0
1553037250 1.0
1553037560 1.0
1553037866 1.0
1553038182 1.0
1553038494 1.0
1553038806 1.0
1553039118 1.0
1553039425 1.0
1553039734 1.0
1553040043 1.0
1553040352 1.0
1553040663 1.0
1553040977 1.0
1553041289 1.0
1553041600 1.0
1553041909 1.0
1553042223 1.0
1553042529 1.0
1553042831 1.0
1553043140 1.0
1553043454 1.0
1553043760 1.0
1553044068 1.0
1553044379 1.0
1553044687 1.0
1553044998 1.0
1553045310 1.0
1553045622 1.0
1553045931 1.0
1553046241 1.0
1553046549 1.0
1553046855 1.0
1553047170 1.0
1553047475 1.0
1553047781 1.0
1553048091 1.0
1553048404 1.0
1553048714 1.0
1553049021 1.0
1553049327 1.0
1553049637 1.0
1553049947 1.0
1553050261 1.0
1553050575 1.0
1553050887 1.0
1553051201 1.0
1553051511 1.0
1553051824 1.0
1553052133 1.0
1553052443 1.0
1553052755 1.0
1553053068 1.0
1553053376 1.0
1553053683 1.0
1553053990 1.0
1553054301 1.0
1553054602 1.0
1553054909 1.0
1553055218 1.0
1553055533 1.0
1553055849 1.0
1553056156 1.0
1553056467 1.0
1553056783 1.0
1553057096 1.0
1553057405 1.0
1553057718 1.0
1553058028 1.0
1553058344 1.0
1553058658 1.0
1553058972 1.0
1553059287 1.0
1553059596 1.0
1553059906 1.0
1553060222 1.0
1553060535 1.0
1553060846 1.0
1553061158 1.0
1553061468 1.0
1553061775 1.0
1553062085 1.0
1553062394 1.0
1553062708 1.0
1553063017 1.0
1553063331 1.0
1553063640 1.0
1553063954 1.0
1553064262 1.0
1553064579 1.0
1553064892 1.0
1553065204 1.0
1553065511 1.0
1553065823 1.0
1553066129 1.0
1553066442 1.0
1553066750 1.0
1553067059 1.0
1553067364 1.0
1553067670 1.0
1553067986 1.0
1553068299 1.0
1553068613 1.0
1553068920 1.0
1553069234 1.0
1553069544 1.0
1553069854 1.0
1553070164 1.0
1553070473 1.0
1553070781 1.0
1553071096 1.0
1553071400 1.0
1553071709 1.0
1553072018 1.0
1553072331 1.0
1553072643 1.0
1553072951 1.0
1553073258 1.0
1553073573 1.0
1553073881 1.0
1553074245 -
1553074845 -
1553075445 -
1553076045 -
1553076645 -
1553077245 -
1553077845 -
1553078445 -
1553079045 -
1553079645 -
1553080245 -
1553080845 -
1553081445 -
1553082045 -
1553082645 -
1553083245 -
1553083845 -
1553084445 -
1553085045 -
1553085645 -
1553086245 -
1553086845 -
1553087445 -
1553088045 -
1553088645 -
1553089245 -
1553089845 -
1553090445 -
1553091045 -
1553091645 -
1553092245 -
1553092845 -
1553093445 -
1553094045 -
1553094645 -
1553095245 -
1553095845 -
1553096445 -
1553097045 -
1553097645 -
1553098245 -
1553098845 -
1553099445 -
1553100045 -
1553100645 -
1553101245 -
1553101845 -
1553102445 -
1553103045 -
1553103645 -
1553104245 -
1553104845 -
1553105445 -
1553106045 -
1553106645 -
1553107245 -
1553107845 -
1553108445 -
1553109045 -
1553109645 -
1553110245 -
1553110845 -
1553111445 -
1553111752 1.0
1553112060 1.0
1553112372 1.0
1553112689 1.0
1553112996 1.0
1553113307 1.0
1553113617 1.0
1553113926 1.0
1553114242 1.0
1553114556 1.0
1553114868 1.0
1553115178 1.0
1553115491 1.0
1553115801 1.0
1553116112 1.0
1553116420 1.0
1553116731 1.0
1553117040 1.0
1553117356 1.0
1553117663 1.0
1553117974 1.0
1553118284 1.0
1553118593 1.0
1553118903 1.0
1553119215 1.0
1553119528 1.0
1553119843 1.0
1553120150 1.0
1553120466 1.0
1553120775 1.0
1553121090 1.0
1553121400 1.0
1553121718 1.0
1553122027 1.0
1553122344 1.0
1553122656 1.0
1553122966 1.0
1553123280 1.0
1553123594 1.0
1553123901 1.0
1553124209 1.0
1553124520 1.0
1553124830 1.0
1553125140 1.0
1553125451 1.0
1553125759 1.0
1553126073 1.0
1553126384 1.0
1553126696 1.0
1553127013 1.0
1553127321 1.0
1553127635 1.0
1553127942 1.0
1553128248 1.0
1553128557 1.0
1553128867 1.0
1553129180 1.0
1553129489 1.0
1553129798 1.0
1553130108 1.0
1553130415 1.0
1553130724 1.0
1553131035 1.0
1553131343 1.0
1553131655 1.0
1553131965 1.0
1553132277 1.0
1553132590 1.0
1553132900 1.0
1553133214 1.0
1553133528 1.0
1553133839 1.0
1553134144 1.0
1553134457 1.0
1553134771 1.0
1553135079 1.0
1553135386 1.0
1553135698 1.0
1553136010 1.0
1553136316 1.0
1553136622 1.0
1553136936 1.0
1553137246 1.0
1553137557 1.0
1553137863 1.0
1553138175 1.0
1553138487 1.0
1553138800 1.0
1553139109 1.0
1553139425 1.0
1553139737 1.0
1553140053 1.0
1553140364 1.0
1553140677 1.0
1553140990 1.0
1553141308 1.0
1553141615 1.0
1553141925 1.0
1553142236 1.0
1553142543 1.0
1553142853 1.0
1553143161 1.0
1553143471 1.0
1553143779 1.0
1553144090 1.0
1553144399 1.0
1553144708 1.0
1553145020 1.0
1553145334 1.0
1553145646 1.0
1553145956 1.0
1553146270 1.0
1553146573 1.0
1553146888 1.0
1553147205 1.0
1553147515 1.0
1553147824 1.0
1553148136 1.0
1553148448 1.0
1553148760 1.0
1553149068 1.0
1553149378 1.0
1553149685 1.0
1553149997 1.0
1553150304 1.0
1553150614 1.0
1553150925 1.0
1553151228 1.0
1553151538 1.0
1553151851 1.0
1553152167 1.0
1553152477 1.0
1553152783 1.0
1553153092 1.0
1553153398 1.0
1553153709 1.0
1553154026 1.0
1553154329 1.0
1553154631 1.0
1553154938 1.0
1553155252 1.0
1553155565 1.0
1553155876 1.0
1553156187 1.0
1553156501 1.0
1553156813 1.0
1553157121 1.0
1553157437 1.0
1553157749 1.0
1553158053 1.0
1553158356 1.0
1553158668 1.0
1553158974 1.0
1553159290 1.0
1553159599 1.0
1553159913 1.0
1553160223 1.0
1553160534 1.0
1553160845 1.0
1553161157 1.0
1553161470 1.0
1553161781 1.0
1553162091 1.0
1553162401 1.0
1553162706 1.0
1553163021 1.0
1553163334 1.0
1553163649 1.0
1553163962 1.0
1553164270 1.0
1553164579 1.0
1553164890 1.0
1553165203 1.0
1553165515 1.0
1553165825 1.0
1553166138 1.0
1553166448 1.0
1553166757 1.0
1553167063 1.0
1553167377 1.0
1553167687 1.0
1553167996 1.0
1553168302 1.0
1553168615 1.0
1553168924 1.0
1553169234 1.0
1553169544 1.0
1553169854 1.0
1553170170 18.0
1553170481 2161.0
1553170791 2200.0
1553171098 1370.0
1553171407 480.0
1553171714 2204.0
1553172027 2178.0
1553172336 699.0
1553172649 1.0
1553172961 1.0
1553173270 1.0
1553173583 1.0
1553173900 1.0
1553174206 1.0
1553174575 1.0
1553174881 1.0
1553175192 1.0
1553175507 1.0
1553175821 1.0
1553176131 1.0
1553176446 1.0
1553176753 1.0
1553177069 1.0
1553177378 1.0
1553177690 1.0
1553177997 1.0
1553178308 1.0
1553178625 1.0
1553178937 1.0
1553179246 1.0
1553179555 1.0
1553179868 1.0
1553180179 1.0
1553180491 1.0
1553180802 1.0
1553181164 -
1553181764 -
1553182364 -
1553182964 -
1553183564 -
1553184164 -
1553184764 -
1553185364 -
1553185964 -
1553186564 -
1553187164 -
1553187764 -
1553188364 -
1553188964 -
1553189564 -
1553190164 -
1553190764 -
1553191364 -
1553191964 -
1553192564 -
1553193164 -
1553193764 -
1553194364 -
1553194964 -
1553195564 -
1553196164 -
1553196764 -
1553197364 -
1553197964 -
1553198564 -
1553199164 -
1553199764 -
1553200364 -
1553200964 -
1553201564 -
1553202164 -
1553202764 -
1553203364 -
1553203964 -
1553204564 -
1553205164 -
1553205764 -
1553206364 -
1553206964 -
1553207564 -
1553208164 -
1553208764 -
1553209364 -
1553209964 -
1553210564 -
1553211164 -
1553211764 -
1553212364 -
1553212964 -
1553213564 -
1553214164 -
1553214764 -
1553215364 -
1553215964 -
1553216564 -
1553217164 -
1553217764 -
1553218364 -
1553218964 -
1553219564 -
1553220164 -
1553220764 -
1553221364 -
1553221964 -
1553222564 -
1553223164 -
1553223764 -
1553224364 -
1553224964 -
1553225564 -
1553226164 -
1553226764 -
1553227364 -
1553227964 -
1553228564 -
1553229164 -
1553229764 -
1553230364 -
1553230964 -
1553231564 -
1553232164 -
1553232764 -
1553233364 -
1553233964 -
1553234564 -
1553235164 -
1553235764 -
1553236364 -
1553236964 -
1553237564 -
1553238164 -
1553238764 -
1553239364 -
1553239964 -
1553240564 -
1553241164 -
1553241764 -
1553242364 -
1553242964 -
1553243564 -
1553244164 -
1553244764 -
1553245364 -
1553245964 -
1553246564 -
1553247164 -
1553247764 -
1553248364 -
1553248964 -
1553249564 -
1553250164 -
1553250764 -
1553251364 -
1553251964 -
1553252564 -
1553253164 -
1553253764 -
1553254364 -
1553254964 -
1553255564 -
1553256164 -
1553256764 -
1553257364 -
1553257964 -
1553258564 -
1553259164 -
1553259764 -
1553260364 -
1553260964 -
1553261564 -
1553262164 -
1553262764 -
1553263364 -
1553263964 -
1553264564 -
1553265164 -
1553265764 -
1553266364 -
1553266964 -
1553267564 -
1553268164 -
1553268764 -
1553269364 -
1553269964 -
1553270564 -
1553271164 -
1553271764 -
1553272364 -
1553272964 -
1553273564 -
1553274164 -
1553274764 -
1553275364 -
1553275964 -
1553276564 -
1553277164 -
1553277764 -
1553278364 -
1553278964 -
1553279564 -
1553280164 -
1553280764 -
1553281364 -
1553281964 -
1553282564 -
1553283164 -
1553283764 -
1553284364 -
1553284964 -
1553285564 -
1553286164 -
1553286764 -
1553287364 -
1553287964 -
1553288564 -
1553289164 -
1553289764 -
1553290364 -
1553290964 -
1553291564 -
1553292164 -
1553292764 -
1553293364 -
1553293964 -
1553294564 -
1553295164 -
1553295764 -
1553296364 -
1553296964 -
1553297564 -
1553298164 -
1553298764 -
1553299364 -
1553299964 -
1553300564 -
1553301164 -
1553301764 -
1553302364 -
1553302964 -
1553303564 -
1553304164 -
1553304764 -
1553305364 -
1553305964 -
1553306564 -
1553307164 -
1553307764 -
1553308364 -
1553308964 -
1553309564 -
1553310164 -
1553310764 -
1553311364 -
1553311964 -
1553312564 -
1553313164 -
1553313764 -
1553314364 -
1553314964 -
1553315564 -
1553316164 -
1553316764 -
1553317364 -
1553317964 -
1553318564 -
1553319164 -
1553319764 -
1553320364 -
1553320964 -
1553321564 -
1553322164 -
1553322764 -
1553323364 -
1553323964 -
1553324564 -
1553325164 -
1553325764 -
1553326364 -
1553326964 -
1553327564 -
1553328164 -
1553328764 -
1553329364 -
1553329964 -
1553330564 -
1553331164 -
1553331764 -
1553332364 -
1553332964 -
1553333564 -
1553334164 -
1553334764 -
1553335364 -
1553335964 -
1553336564 -
1553337164 -
1553337764 -
1553338364 -
1553338964 -
1553339564 -
1553340164 -
1553340764 -
1553341364 -
1553341964 -
1553342564 -
1553343164 -
1553343764 -
1553344364 -
1553344964 -
1553345564 -
1553346164 -
1553346764 -
1553347364 -
1553347964 -
1553348564 -
1553349164 -
1553349764 -
1553350364 -
1553350964 -
1553351564 -
1553352164 -
1553352764 -
1553353364 -
1553353964 -
1553354564 -
1553355164 -
1553355764 -
1553356364 -
1553356964 -
1553357564 -
1553358164 -
1553358764 -
1553359364 -
1553359964 -
1553360564 -
1553361164 -
1553361764 -
1553362364 -
1553362964 -
1553363564 -
1553364164 -
1553364764 -
1553365364 -
1553365964 -
1553366564 -
1553367164 -
1553367764 -
1553368364 -
1553368964 -
1553369564 -
1553370164 -
1553370764 -
1553371364 -
1553371964 -
1553372564 -
1553373164 -
1553373764 -
1553374364 -
1553374964 -
1553375564 -
1553376164 -
1553376764 -
1553377364 -
1553377964 -
1553378564 -
1553379164 -
1553379764 -
1553380364 -
1553380964 -
1553381564 -
1553382164 -
1553382764 -
1553383364 -
1553383964 -
1553384564 -
1553385164 -
1553385764 -
1553386364 -
1553386964 -
1553387564 -
1553388164 -
1553388764 -
1553389364 -
1553389964 -
1553390564 -
1553391164 -
1553391764 -
1553392364 -
1553392964 -
1553393564 -
1553394164 -
1553394764 -
1553395364 -
1553395964 -
1553396564 -
1553397164 -
1553397764 -
1553398364 -
1553398964 -
1553399564 -
1553400164 -
1553400764 -
1553401364 -
1553401964 -
1553402564 -
1553403164 -
1553403764 -
1553404364 -
1553404964 -
1553405564 -
1553406164 -
1553406764 -
1553407364 -
1553407964 -
1553408564 -
1553409164 -
1553409764 -
1553410364 -
1553410964 -
1553411564 -
1553412164 -
1553412764 -
1553413364 -
1553413964 -
1553414564 -
1553415164 -
1553415764 -
1553416364 -
1553416964 -
1553417564 -
1553418164 -
1553418764 -
1553419364 -
1553419964 -
1553420564 -
1553421164 -
1553421764 -
1553422364 -
1553422964 -
1553423564 -
1553424164 -
1553424764 -
1553425364 -
1553425964 -
1553426564 -
1553427164 -
1553427764 -
1553428364 -
1553428964 -
1553429564 -
1553430164 -
1553430764 -
1553431364 -
1553431964 -
1553432564 -
1553433164 -
1553433764 -
1553434364 -
1553434964 -
1553435564 -
1553436164 -
1553436764 -
1553437364 -
1553437964 -
1553438564 -
1553439164 -
1553439764 -
1553440364 -
1553440964 -
1553441564 -
1553442164 -
1553442764 -
1553443364 -
1553443964 -
1553444564 -
1553445164 -
1553445764 -
1553446364 -
1553446964 -
1553447564 -
1553448164 -
1553448764 -
1553449364 -
1553449964 -
1553450564 -
1553451164 -
1553451764 -
1553452364 -
1553452964 -
1553453564 -
1553454164 -
1553454764 -
1553455364 -
1553455964 -
1553456564 -
1553457164 -
1553457764 -
1553458364 -
1553458964 -
1553459564 -
1553460164 -
1553460764 -
1553461364 -
1553461964 -
1553462564 -
1553463164 -
1553463764 -
1553464364 -
1553464964 -
1553465564 -
1553466164 -
1553466764 -
1553467364 -
1553467964 -
1553468564 -
1553469164 -
1553469764 -
1553470364 -
1553470964 -
1553471564 -
1553472164 -
1553472764 -
1553473364 -
1553473964 -
1553474564 -
1553475164 -
1553475764 -
1553476364 -
1553476964 -
1553477564 -
1553478164 -
1553478764 -
1553479364 -
1553479964 -
