1553005950 14.0
1553006264 14.0
1553006567 14.0
1553006913 14.0
1553007221 14.0
1553007532 14.0
1553007842 14.0
1553008153 14.0
1553008459 14.0
1553008774 13.0
1553009082 13.0
1553009396 13.0
1553009713 14.0
1553010025 14.0
1553010340 14.0
1553010650 14.0
1553010960 14.0
1553011272 14.0
1553011576 14.0
1553011890 14.0
1553012207 14.0
1553012511 14.0
1553012825 14.0
1553013140 14.0
1553013447 14.0
1553013756 14.0
1553014074 13.0
1553014386 13.0
1553014700 13.0
1553015014 14.0
1553015321 13.0
1553015635 13.0
1553015952 13.0
1553016320 13.0
1553016630 13.0
1553016942 13.0
1553017255 13.0
1553017564 13.0
1553017874 13.0
1553018177 13.0
1553018490 13.0
1553018798 13.0
1553019113 13.0
1553019427 13.0
1553019734 13.0
1553020045 13.0
1553020357 13.0
1553020669 13.0
1553020978 13.0
1553021286 13.0
1553021593 13.0
1553021901 13.0
1553022216 13.0
1553022524 13.0
1553022838 13.0
1553023149 13.0
1553023455 13.0
1553023767 13.0
1553024073 13.0
1553024385 13.0
1553024700 13.0
1553025010 13.0
1553025326 13.0
1553025639 13.0
1553025947 13.0
1553026259 13.0
1553026572 13.0
1553026878 13.0
1553027190 13.0
1553027499 14.0
1553027808 13.0
1553028122 13.0
1553028430 14.0
1553028736 13.0
1553029045 14.0
1553029359 14.0
1553029669 14.0
1553029979 14.0
1553030288 14.0
1553030602 14.0
1553030908 13.0
1553031217 13.0
1553031529 13.0
1553031836 13.0
1553032142 13.0
1553032462 13.0
1553032776 13.0
1553033086 14.0
1553033392 14.0
1553033705 14.0
1553034017 14.0
1553034330 13.0
1553034638 13.0
1553034945 13.0
1553035254 13.0
1553035565 13.0
1553035875 13.0
1553036180 13.0
1553036492 35.0
1553036802 13.0
1553037112 13.0
1553037427 13.0
1553037741 13.0
1553038060 13.0
1553038380 13.0
1553038685 13.0
1553038998 14.0
1553039307 13.0
1553039615 13.0
1553039925 13.0
1553040232 13.0
1553040545 13.0
1553040852 13.0
1553041222 13.0
1553041529 14.0
1553041835 13.0
1553042145 13.0
1553042460 13.0
1553042771 13.0
1553043083 13.0
1553043397 13.0
1553043710 13.0
1553044020 13.0
1553044332 14.0
1553044643 14.0
1553044951 13.0
1553045257 13.0
1553045564 13.0
1553045875 13.0
1553046192 13.0
1553046501 13.0
1553046817 13.0
1553047130 13.0
1553047444 13.0
1553047760 13.0
1553048073 13.0
1553048389 13.0
1553048699 13.0
1553049007 13.0
1553049315 13.0
1553049625 13.0
1553049943 13.0
1553050250 13.0
1553050558 13.0
1553050870 13.0
1553051178 13.0
1553051484 13.0
1553051796 13.0
1553052105 13.0
1553052413 13.0
1553052729 13.0
1553053088 13.0
1553053403 13.0
1553053712 13.0
1553054022 13.0
1553054338 13.0
1553054653 13.0
1553054964 13.0
1553055275 13.0
1553055584 13.0
1553055897 13.0
1553056211 13.0
1553056520 34.0
1553056830 13.0
1553057140 34.0
1553057455 13.0
1553057765 13.0
1553058078 13.0
1553058390 13.0
1553058699 13.0
1553059012 13.0
1553059325 14.0
1553059632 14.0
1553059940 14.0
1553060242 14.0
1553060549 14.0
1553060863 14.0
1553061178 14.0
1553061494 13.0
1553061805 13.0
1553062118 13.0
1553062434 13.0
1553062745 13.0
1553063052 13.0
1553063362 13.0
1553063671 14.0
1553063981 13.0
1553064289 13.0
1553064604 13.0
1553064912 13.0
1553065224 13.0
1553065533 13.0
1553065839 33.0
1553066150 13.0
1553066462 13.0
1553066775 13.0
1553067092 13.0
1553067397 13.0
1553067709 13.0
1553068019 13.0
1553068329 13.0
1553068640 13.0
1553068944 13.0
1553069251 13.0
1553069563 13.0
1553069872 13.0
1553070181 13.0
1553070491 13.0
1553070801 13.0
1553071107 13.0
1553071422 13.0
1553071733 13.0
1553072045 13.0
1553072354 13.0
1553072666 13.0
1553072975 13.0
1553073284 13.0
1553073599 13.0
1553073913 13.0
1553074222 13.0
1553074599 13.0
1553074916 14.0
1553075225 13.0
1553075537 14.0
1553075853 13.0
1553076165 13.0
1553076472 13.0
1553076783 13.0
1553077094 14.0
1553077403 14.0
1553077721 14.0
1553078032 14.0
1553078346 14.0
1553078659 14.0
1553078968 14.0
1553079271 14.0
1553079581 14.0
1553079895 14.0
1553080205 14.0
1553080521 14.0
1553080829 14.0
1553081136 14.0
1553081443 14.0
1553081755 14.0
1553082071 14.0
1553082377 14.0
1553082691 14.0
1553082999 14.0
1553083307 14.0
1553083616 14.0
1553083929 14.0
1553084236 14.0
1553084544 14.0
1553084850 14.0
1553085162 14.0
1553085473 14.0
1553085781 14.0
1553086091 14.0
1553086403 14.0
1553086714 14.0
1553087025 14.0
1553087338 14.0
1553087647 14.0
1553087957 14.0
1553088272 14.0
1553088581 14.0
1553088901 14.0
1553089211 14.0
1553089523 14.0
1553089834 14.0
1553090138 14.0
1553090454 14.0
1553090762 14.0
1553091076 14.0
1553091385 14.0
1553091695 14.0
1553092006 14.0
1553092321 14.0
1553092631 14.0
1553092946 14.0
1553093257 14.0
1553093563 14.0
1553093874 14.0
1553094184 14.0
1553094496 14.0
1553094806 14.0
1553095116 14.0
1553095420 14.0
1553095728 14.0
1553096038 14.0
1553096351 14.0
1553096662 14.0
1553096978 14.0
1553097286 14.0
1553097596 14.0
1553097903 14.0
1553098219 14.0
1553098531 14.0
1553098839 14.0
1553099145 14.0
1553099457 14.0
1553099768 14.0
1553100079 14.0
1553100390 14.0
1553100704 14.0
1553101020 14.0
1553101331 14.0
1553101645 14.0
1553101954 14.0
1553102261 14.0
1553102573 14.0
1553102886 14.0
1553103202 14.0
1553103510 14.0
1553103820 14.0
1553104132 14.0
1553104445 14.0
1553104746 13.0
1553105060 13.0
1553105367 13.0
1553105671 13.0
1553105988 13.0
1553106298 13.0
1553106611 13.0
1553106916 13.0
1553107219 13.0
1553107529 13.0
1553107839 13.0
1553108148 13.0
1553108458 13.0
1553108765 13.0
1553109079 13.0
1553109387 13.0
1553109702 13.0
1553110012 13.0
1553110323 13.0
1553110630 13.0
1553110933 13.0
1553111248 13.0
1553111563 13.0
1553111874 13.0
1553112180 13.0
1553112488 13.0
1553112801 13.0
1553113115 13.0
1553113424 14.0
1553113737 14.0
1553114041 13.0
1553114354 14.0
1553114660 14.0
1553114967 14.0
1553115276 14.0
1553115590 14.0
1553115904 13.0
1553116212 14.0
1553116526 14.0
1553116839 14.0
1553117152 14.0
1553117465 13.0
1553117774 13.0
1553118083 13.0
1553118395 13.0
1553118701 13.0
1553119007 13.0
1553119321 13.0
1553119627 13.0
1553119940 13.0
1553120251 13.0
1553120561 13.0
1553120871 13.0
1553121186 13.0
1553121488 13.0
1553121803 13.0
1553122113 13.0
1553122426 13.0
1553122739 14.0
1553123048 14.0
1553123367 13.0
1553123676 13.0
1553123992 13.0
1553124299 13.0
1553124605 13.0
1553124911 13.0
1553125220 13.0
1553125529 13.0
1553125837 13.0
1553126146 14.0
1553126463 13.0
1553126781 13.0
1553127089 13.0
1553127399 13.0
1553127709 13.0
1553128020 13.0
1553128327 13.0
1553128643 13.0
1553128953 13.0
1553129258 13.0
1553129566 13.0
1553129874 13.0
1553130182 13.0
1553130490 13.0
1553130802 13.0
1553131116 13.0
1553131420 13.0
1553131732 13.0
1553132038 14.0
1553132350 14.0
1553132666 13.0
1553132979 14.0
1553133286 13.0
1553133598 14.0
1553133909 13.0
1553134219 14.0
1553134591 13.0
1553134902 13.0
1553135208 14.0
1553135517 14.0
1553135822 13.0
1553136131 13.0
1553136440 13.0
1553136748 13.0
1553137057 13.0
1553137374 13.0
1553137685 13.0
1553137996 13.0
1553138307 13.0
1553138618 13.0
1553138935 13.0
1553139247 13.0
1553139557 13.0
1553139867 13.0
1553140179 33.0
1553140483 13.0
1553140794 13.0
1553141106 13.0
1553141423 13.0
1553141741 13.0
1553142052 13.0
1553142360 13.0
1553142668 13.0
1553142982 13.0
1553143298 13.0
1553143610 13.0
1553143916 13.0
1553144225 13.0
1553144536 13.0
1553144846 13.0
1553145154 13.0
1553145461 13.0
1553145775 13.0
1553146081 14.0
1553146386 13.0
1553146701 13.0
1553147017 13.0
1553147329 13.0
1553147643 13.0
1553147953 13.0
1553148266 13.0
1553148579 13.0
1553148890 13.0
1553149199 13.0
1553149511 13.0
1553149823 13.0
1553150129 13.0
1553150437 13.0
1553150755 13.0
1553151068 13.0
1553151373 13.0
1553151681 13.0
1553151993 13.0
1553152304 13.0
1553152611 13.0
1553152926 13.0
1553153236 13.0
1553153551 13.0
1553153864 13.0
1553154171 13.0
1553154480 13.0
1553154786 13.0
1553155098 13.0
1553155409 13.0
1553155726 13.0
1553156031 13.0
1553156341 13.0
1553156653 13.0
1553156961 13.0
1553157267 13.0
1553157582 13.0
1553157891 13.0
1553158199 13.0
1553158516 13.0
1553158823 13.0
1553159141 14.0
1553159447 13.0
1553159761 13.0
1553160072 13.0
1553160386 13.0
1553160701 13.0
1553161006 13.0
1553161318 13.0
1553161624 13.0
1553161935 13.0
1553162241 13.0
1553162555 13.0
1553162866 13.0
1553163181 14.0
1553163489 14.0
1553163801 14.0
1553164109 14.0
1553164421 14.0
1553164741 14.0
1553165053 14.0
1553165361 14.0
1553165669 14.0
1553165979 14.0
1553166292 13.0
1553166604 13.0
1553166916 13.0
1553167236 14.0
1553167546 13.0
1553167855 14.0
1553168169 13.0
1553168471 13.0
1553168785 13.0
1553169100 13.0
1553169408 13.0
1553169716 14.0
1553170026 14.0
1553170336 14.0
1553170647 13.0
1553170957 13.0
1553171272 14.0
1553171581 13.0
1553171890 13.0
1553172200 13.0
1553172516 13.0
1553172824 14.0
1553173138 13.0
1553173454 14.0
1553173766 14.0
1553174080 14.0
1553174388 14.0
1553174696 13.0
1553175009 13.0
1553175315 14.0
1553175624 14.0
1553175931 14.0
1553176240 14.0
1553176551 14.0
1553176858 14.0
1553177165 14.0
1553177476 14.0
1553177783 14.0
1553178097 14.0
1553178404 14.0
1553178711 14.0
1553179013 14.0
1553179325 14.0
1553179636 34.0
1553179951 14.0
1553180260 14.0
1553180567 14.0
1553180882 14.0
1553181196 14.0
1553181505 14.0
1553181818 14.0
1553182130 14.0
1553182438 14.0
1553182754 14.0
1553183063 14.0
1553183375 14.0
1553183680 14.0
1553183994 14.0
1553184299 14.0
1553184611 14.0
1553184922 14.0
1553185234 14.0
1553185545 13.0
1553185858 13.0
1553186175 13.0
1553186484 13.0
1553186793 13.0
1553187103 14.0
1553187418 14.0
1553187726 14.0
1553188031 14.0
1553188344 14.0
1553188656 34.0
1553188963 13.0
1553189271 14.0
1553189585 13.0
1553189894 13.0
1553190202 13.0
1553190511 13.0
1553190819 13.0
1553191130 13.0
1553191446 13.0
1553191756 13.0
1553192075 13.0
1553192389 13.0
1553192695 13.0
1553193006 13.0
1553193309 13.0
1553193620 13.0
1553193929 14.0
1553194244 14.0
1553194556 13.0
1553194866 13.0
1553195173 13.0
1553195481 13.0
1553195791 14.0
1553196098 14.0
1553196411 14.0
1553196722 14.0
1553197033 14.0
1553197343 15.0
1553197656 13.0
1553197969 14.0
1553198282 14.0
1553198596 14.0
1553198909 14.0
1553199219 13.0
1553199527 14.0
1553199837 14.0
1553200144 14.0
1553200455 14.0
1553200768 13.0
1553201075 14.0
1553201384 13.0
1553201694 14.0
1553202002 14.0
1553202309 13.0
1553202620 14.0
1553202932 14.0
1553203241 14.0
1553203556 14.0
1553203866 14.0
1553204177 13.0
1553204488 13.0
1553204791 13.0
1553205102 13.0
1553205414 13.0
1553205726 13.0
1553206041 13.0
1553206349 13.0
1553206666 13.0
1553206975 13.0
1553207288 13.0
1553207602 13.0
1553207911 13.0
1553208226 13.0
1553208540 14.0
1553208848 13.0
1553209161 13.0
1553209474 13.0
1553209782 13.0
1553210090 13.0
1553210409 13.0
1553210718 13.0
1553211026 13.0
1553211336 13.0
1553211651 13.0
1553211959 13.0
1553212272 13.0
1553212579 13.0
1553212887 13.0
1553213195 13.0
1553213500 13.0
1553213813 13.0
1553214127 13.0
1553214442 13.0
1553214761 13.0
1553215071 13.0
1553215380 13.0
1553215689 13.0
1553215994 13.0
1553216303 13.0
1553216611 13.0
1553216922 13.0
1553217231 13.0
1553217541 13.0
1553217852 13.0
1553218164 13.0
1553218475 13.0
1553218782 13.0
1553219092 13.0
1553219406 13.0
1553219715 13.0
1553220032 34.0
1553220344 13.0
1553220653 13.0
1553220964 13.0
1553221279 13.0
1553221597 14.0
1553221905 13.0
1553222216 14.0
1553222524 13.0
1553222833 13.0
1553223143 13.0
1553223456 13.0
1553223771 13.0
1553224075 13.0
1553224381 13.0
1553224690 13.0
1553224997 13.0
1553225314 13.0
1553225627 13.0
1553225941 13.0
1553226252 13.0
1553226564 13.0
1553226875 13.0
1553227189 13.0
1553227499 13.0
1553227806 13.0
1553228124 13.0
1553228433 13.0
1553228747 13.0
1553229055 13.0
1553229430 13.0
1553229740 13.0
1553230051 13.0
1553230357 13.0
1553230668 13.0
1553230973 13.0
1553231289 14.0
1553231595 13.0
1553231907 14.0
1553232221 14.0
1553232527 14.0
1553232838 14.0
1553233151 14.0
1553233466 14.0
1553233783 14.0
1553234100 14.0
1553234411 13.0
1553234723 13.0
1553235032 14.0
1553235338 13.0
1553235652 13.0
1553235968 13.0
1553236285 13.0
1553236591 13.0
1553236905 13.0
1553237224 13.0
1553237532 13.0
1553237845 13.0
1553238155 13.0
1553238464 13.0
1553238774 13.0
1553239083 13.0
1553239397 13.0
1553239703 13.0
1553240014 32.0
1553240323 13.0
1553240634 13.0
1553240944 13.0
1553241251 13.0
1553241559 13.0
1553241868 13.0
1553242179 13.0
1553242487 12.0
1553242800 13.0
1553243112 13.0
1553243425 13.0
1553243735 13.0
1553244040 13.0
1553244357 13.0
1553244665 13.0
1553244972 13.0
1553245284 13.0
1553245594 13.0
1553245905 13.0
1553246217 13.0
1553246529 13.0
1553246843 13.0
1553247157 13.0
1553247468 13.0
1553247785 13.0
1553248093 13.0
1553248409 13.0
1553248721 13.0
1553249033 13.0
1553249343 13.0
1553249656 13.0
1553249972 13.0
1553250282 13.0
1553250596 13.0
1553250905 13.0
1553251216 13.0
1553251526 13.0
1553251835 13.0
1553252149 13.0
1553252456 13.0
1553252761 13.0
1553253073 13.0
1553253388 13.0
1553253701 13.0
1553254007 13.0
1553254317 13.0
1553254627 13.0
1553254939 13.0
1553255253 13.0
1553255563 13.0
1553255874 13.0
1553256189 13.0
1553256496 14.0
1553256806 14.0
1553257123 13.0
1553257434 14.0
1553257742 14.0
1553258052 14.0
1553258365 13.0
1553258679 13.0
1553258989 14.0
1553259294 14.0
1553259603 13.0
1553259914 14.0
1553260227 13.0
1553260534 13.0
1553260844 13.0
1553261155 13.0
1553261469 13.0
1553261782 14.0
1553262089 13.0
1553262398 13.0
1553262711 13.0
1553263019 13.0
1553263329 13.0
1553263633 13.0
1553263951 13.0
1553264259 13.0
1553264567 13.0
1553264875 13.0
1553265183 13.0
1553265490 13.0
1553265804 13.0
1553266114 14.0
1553266424 14.0
1553266730 13.0
1553267044 14.0
1553267353 13.0
1553267662 14.0
1553267971 14.0
1553268275 14.0
1553268587 14.0
1553268901 13.0
1553269217 13.0
1553269527 13.0
1553269838 13.0
1553270150 13.0
1553270461 13.0
1553270781 14.0
1553271092 34.0
1553271408 14.0
1553271714 14.0
1553272028 14.0
1553272336 14.0
1553272642 14.0
1553272956 14.0
1553273259 14.0
1553273568 13.0
1553273879 14.0
1553274192 14.0
1553274501 13.0
1553274809 13.0
1553275127 13.0
1553275439 13.0
1553275745 13.0
1553276056 13.0
1553276370 13.0
1553276678 13.0
1553276986 13.0
1553277299 13.0
1553277607 13.0
1553277919 13.0
1553278228 13.0
1553278542 14.0
1553278856 13.0
1553279170 13.0
1553279483 14.0
1553279802 14.0
1553280112 14.0
1553280424 14.0
1553280734 14.0
1553281045 14.0
1553281357 13.0
1553281667 14.0
1553281971 14.0
1553282282 14.0
1553282597 13.0
1553282911 14.0
1553283224 14.0
1553283532 13.0
1553283843 13.0
1553284158 13.0
1553284467 13.0
1553284772 13.0
1553285081 14.0
1553285399 14.0
1553285705 14.0
1553286008 13.0
1553286317 13.0
1553286627 14.0
1553286940 14.0
1553287251 14.0
1553287561 13.0
1553287875 13.0
1553288189 14.0
1553288499 14.0
1553288809 13.0
1553289117 13.0
1553289426 13.0
1553289733 14.0
1553290039 13.0
1553290348 13.0
1553290654 13.0
1553290967 13.0
1553291280 13.0
1553291591 55.0
1553291906 13.0
1553292222 13.0
1553292532 13.0
1553292845 13.0
1553293153 13.0
1553293467 13.0
1553293775 13.0
1553294086 13.0
1553294388 13.0
1553294705 13.0
1553295007 13.0
1553295315 13.0
1553295627 13.0
1553295937 13.0
1553296255 13.0
1553296560 13.0
1553296867 13.0
1553297172 13.0
1553297485 13.0
1553297795 14.0
1553298112 13.0
1553298416 14.0
1553298729 14.0
1553299035 14.0
1553299346 14.0
1553299654 14.0
1553299967 14.0
1553300281 13.0
1553300596 13.0
1553300915 13.0
1553301222 13.0
1553301533 13.0
1553301849 13.0
1553302158 13.0
1553302472 14.0
1553302787 14.0
1553303101 13.0
1553303407 14.0
1553303716 14.0
1553304030 14.0
1553304347 14.0
1553304659 14.0
1553304971 13.0
1553305281 14.0
1553305585 14.0
1553305895 14.0
1553306201 14.0
1553306515 14.0
1553306827 13.0
1553307137 13.0
1553307450 14.0
1553307818 14.0
1553308131 14.0
1553308442 14.0
1553308749 33.0
1553309064 14.0
1553309375 14.0
1553309681 14.0
1553309992 14.0
1553310301 14.0
1553310611 14.0
1553310923 14.0
1553311231 14.0
1553311541 14.0
1553311850 14.0
1553312162 14.0
1553312474 14.0
1553312786 14.0
1553313100 13.0
1553313407 14.0
1553313716 14.0
1553314032 14.0
1553314334 14.0
1553314645 13.0
1553314963 14.0
1553315266 13.0
1553315574 13.0
1553315889 13.0
1553316204 13.0
1553316518 13.0
1553316826 13.0
1553317137 13.0
1553317450 13.0
