1553005946 0.0
1553006255 0.0
1553006564 0.0
1553006879 0.0
1553007184 0.0
1553007499 0.0
1553007813 0.0
1553008120 0.0
1553008433 0.0
1553008736 0.0
1553009046 0.0
1553009361 0.0
1553009676 0.0
1553009985 0.0
1553010297 0.0
1553010612 0.0
1553010928 0.0
1553011241 0.0
1553011554 0.0
1553011868 0.0
1553012177 0.0
1553012486 0.0
1553012795 0.0
1553013108 0.0
1553013421 0.0
1553013734 0.0
1553014042 0.0
1553014347 0.0
1553014661 0.0
1553014971 0.0
1553015280 0.0
1553015590 174.0
1553015901 177.0
1553016213 176.0
1553016590 173.0
1553016905 177.0
1553017218 176.0
1553017527 175.0
1553017835 174.0
1553018145 174.0
1553018453 175.0
1553018826 176.0
1553019136 176.0
1553019445 176.0
1553019757 175.0
1553020067 175.0
1553020373 176.0
1553020749 176.0
1553021061 176.0
1553021372 176.0
1553021688 175.0
1553021997 176.0
1553022308 176.0
1553022622 175.0
1553022935 175.0
1553023247 175.0
1553023559 176.0
1553023873 175.0
1553024182 176.0
1553024496 175.0
1553024865 175.0
1553025175 34.0
1553025482 0.0
1553025796 0.0
1553026111 0.0
1553026421 0.0
1553026730 0.0
1553027041 0.0
1553027348 0.0
1553027657 0.0
1553027971 0.0
1553028285 0.0
1553028593 0.0
1553028905 0.0
1553029211 0.0
1553029522 0.0
1553029838 0.0
1553030153 0.0
1553030459 0.0
1553030772 0.0
1553031086 0.0
1553031397 0.0
1553031708 0.0
1553032016 0.0
1553032328 0.0
1553032638 0.0
1553032948 0.0
1553033258 0.0
1553033569 0.0
1553033878 0.0
1553034187 0.0
1553034502 0.0
1553034813 0.0
1553035124 0.0
1553035436 0.0
1553035754 0.0
1553036063 0.0
1553036374 0.0
1553036681 0.0
1553036991 0.0
1553037302 0.0
1553037615 0.0
1553037924 0.0
1553038236 0.0
1553038551 0.0
1553038860 0.0
1553039170 0.0
1553039487 0.0
1553039796 0.0
1553040110 0.0
1553040418 0.0
1553040724 0.0
1553041033 0.0
1553041343 0.0
1553041650 0.0
1553041964 0.0
1553042278 0.0
1553042589 0.0
1553042895 0.0
1553043206 0.0
1553043520 0.0
1553043832 0.0
1553044144 0.0
1553044450 0.0
1553044761 0.0
1553045071 0.0
1553045384 0.0
1553045694 0.0
1553046001 0.0
1553046310 0.0
1553046617 0.0
1553046923 0.0
1553047230 0.0
1553047541 0.0
1553047849 0.0
1553048162 0.0
1553048470 0.0
1553048784 0.0
1553049096 0.0
1553049402 0.0
1553049710 0.0
1553050021 0.0
1553050331 0.0
1553050640 0.0
1553050949 0.0
1553051259 0.0
1553051567 0.0
1553051875 0.0
1553052184 0.0
1553052489 0.0
1553052802 0.0
1553053110 0.0
1553053419 0.0
1553053727 0.0
1553054037 0.0
1553054347 0.0
1553054648 0.0
1553054960 0.0
1553055273 0.0
1553055577 0.0
1553055889 0.0
1553056199 0.0
1553056515 0.0
1553056824 0.0
1553057129 0.0
1553057442 0.0
1553057755 0.0
1553058069 0.0
1553058379 0.0
1553058689 0.0
1553058995 0.0
1553059301 0.0
1553059613 0.0
1553059927 0.0
1553060237 0.0
1553060554 0.0
1553060865 0.0
1553061178 0.0
1553061487 0.0
1553061797 0.0
1553062106 0.0
1553062418 0.0
1553062720 0.0
1553063033 0.0
1553063345 0.0
1553063656 0.0
1553063967 0.0
1553064274 0.0
1553064587 0.0
1553064895 0.0
1553065208 0.0
1553065518 0.0
1553065827 0.0
1553066136 0.0
1553066448 0.0
1553066762 0.0
1553067072 0.0
1553067382 0.0
1553067693 0.0
1553068005 0.0
1553068313 0.0
1553068629 0.0
1553068936 0.0
1553069245 0.0
1553069554 0.0
1553069868 0.0
1553070181 0.0
1553070489 0.0
1553070799 0.0
1553071108 0.0
1553071421 0.0
1553071729 0.0
1553072041 0.0
1553072348 0.0
1553072662 0.0
1553072968 0.0
1553073278 0.0
1553073588 0.0
1553073901 0.0
1553074209 0.0
1553074522 0.0
1553074831 0.0
1553075143 0.0
1553075451 0.0
1553075764 0.0
1553076073 0.0
1553076388 0.0
1553076704 0.0
1553077011 0.0
1553077321 0.0
1553077632 0.0
1553077948 0.0
1553078256 0.0
1553078571 0.0
1553078876 0.0
1553079185 0.0
1553079497 0.0
1553079807 0.0
1553080118 0.0
1553080428 0.0
1553080740 0.0
1553081052 0.0
1553081358 0.0
1553081669 0.0
1553081979 0.0
1553082293 0.0
1553082599 0.0
1553082909 0.0
1553083224 0.0
1553083535 0.0
1553083849 0.0
1553084161 0.0
1553084473 0.0
1553084787 0.0
1553085098 0.0
1553085411 0.0
1553085722 0.0
1553086036 0.0
1553086346 0.0
1553086659 0.0
1553086962 0.0
1553087273 0.0
1553087581 0.0
1553087894 0.0
1553088204 0.0
1553088513 0.0
1553088820 0.0
1553089134 0.0
1553089444 0.0
1553089751 0.0
1553090058 0.0
1553090370 0.0
1553090683 0.0
1553090990 0.0
1553091299 0.0
1553091614 0.0
1553091926 0.0
1553092239 0.0
1553092552 0.0
1553092864 0.0
1553093169 0.0
1553093476 0.0
1553093785 0.0
1553094095 0.0
1553094402 0.0
1553094709 0.0
1553095016 0.0
1553095328 0.0
1553095641 0.0
1553095954 0.0
1553096268 0.0
1553096580 0.0
1553096883 0.0
1553097190 0.0
1553097500 0.0
1553097811 0.0
1553098124 0.0
1553098435 0.0
1553098746 0.0
1553099058 0.0
1553099368 0.0
1553099674 0.0
1553099987 0.0
1553100294 0.0
1553100603 0.0
1553100917 0.0
1553101225 0.0
1553101539 0.0
1553101852 0.0
1553102159 0.0
1553102462 0.0
1553102772 0.0
1553103081 0.0
1553103396 0.0
1553103712 0.0
1553104024 0.0
1553104332 0.0
1553104643 0.0
1553104946 0.0
1553105255 0.0
1553105567 176.0
1553105946 176.0
1553106321 176.0
1553106641 176.0
1553106951 176.0
1553107266 174.0
1553107579 175.0
1553107893 174.0
1553108202 175.0
1553108569 174.0
1553108875 175.0
1553109305 174.0
1553109621 175.0
1553109936 174.0
1553110249 175.0
1553110562 174.0
1553110868 0.0
1553111177 0.0
1553111493 0.0
1553111806 0.0
1553112112 0.0
1553112426 0.0
1553112739 0.0
1553113051 0.0
1553113370 0.0
1553113681 0.0
1553113989 0.0
1553114302 0.0
1553114614 0.0
1553114925 0.0
1553115238 0.0
1553115547 0.0
1553115862 0.0
1553116171 0.0
1553116482 0.0
1553116788 0.0
1553117101 0.0
1553117406 0.0
1553117717 0.0
1553118025 0.0
1553118335 0.0
1553118646 0.0
1553118954 0.0
1553119267 0.0
1553119569 0.0
1553119877 0.0
1553120190 0.0
1553120499 0.0
1553120813 0.0
1553121121 0.0
1553121439 0.0
1553121749 0.0
1553122060 0.0
1553122371 0.0
1553122679 0.0
1553122986 0.0
1553123297 0.0
1553123608 0.0
1553123914 0.0
1553124225 0.0
1553124540 0.0
1553124856 0.0
1553125168 0.0
1553125478 0.0
1553125793 0.0
1553126100 0.0
1553126409 0.0
1553126719 0.0
1553127030 0.0
1553127337 0.0
1553127650 0.0
1553127969 0.0
1553128280 0.0
1553128590 0.0
1553128901 0.0
1553129212 0.0
1553129524 0.0
1553129834 0.0
1553130149 0.0
1553130462 0.0
1553130773 0.0
1553131085 0.0
1553131396 0.0
1553131710 0.0
1553132020 0.0
1553132331 0.0
1553132635 0.0
1553132950 0.0
1553133258 0.0
1553133564 0.0
1553133875 0.0
1553134182 0.0
1553134494 0.0
1553134807 0.0
1553135117 0.0
1553135424 0.0
1553135728 0.0
1553136038 0.0
1553136344 0.0
1553136654 0.0
1553136959 0.0
1553137273 0.0
1553137582 0.0
1553137893 0.0
1553138198 0.0
1553138513 0.0
1553138824 0.0
1553139140 0.0
1553139448 0.0
1553139762 0.0
1553140076 0.0
1553140387 0.0
1553140697 0.0
1553141006 0.0
1553141315 0.0
1553141631 0.0
1553141943 0.0
1553142252 0.0
1553142559 0.0
1553142871 0.0
1553143184 0.0
1553143498 0.0
1553143806 0.0
1553144117 0.0
1553144430 0.0
1553144750 0.0
1553145058 0.0
1553145367 0.0
1553145678 0.0
1553145989 0.0
1553146297 0.0
1553146608 0.0
1553146923 0.0
1553147232 0.0
1553147540 0.0
1553147853 0.0
1553148157 0.0
1553148464 0.0
1553148772 0.0
1553149082 0.0
1553149395 0.0
1553149705 0.0
1553150012 0.0
1553150318 0.0
1553150629 0.0
1553150943 0.0
1553151248 0.0
1553151557 0.0
1553151867 0.0
1553152177 0.0
1553152485 0.0
1553152796 0.0
1553153107 0.0
1553153419 0.0
1553153723 0.0
1553154030 0.0
1553154337 0.0
1553154647 0.0
1553154958 0.0
1553155276 0.0
1553155581 0.0
1553155887 0.0
1553156198 0.0
1553156507 0.0
1553156819 0.0
1553157138 0.0
1553157450 0.0
1553157762 0.0
1553158078 0.0
1553158389 0.0
1553158694 0.0
1553159007 0.0
1553159315 0.0
1553159620 0.0
1553159932 0.0
1553160246 0.0
1553160555 0.0
1553160865 0.0
1553161180 0.0
1553161494 0.0
1553161810 0.0
1553162117 0.0
1553162426 0.0
1553162737 0.0
1553163043 0.0
1553163355 0.0
1553163674 0.0
1553163979 0.0
1553164295 0.0
1553164608 0.0
1553164913 0.0
1553165225 0.0
1553165537 0.0
1553165846 0.0
1553166153 0.0
1553166464 69.0
1553166902 177.0
1553167210 4.0
1553167519 177.0
1553167826 176.0
1553168135 176.0
1553168446 175.0
1553168871 -
1553169258 175.0
1553169632 174.0
1553169945 175.0
1553170260 0.0
1553170572 0.0
1553170884 0.0
1553171194 0.0
1553171621 0.0
1553172001 0.0
1553172375 0.0
1553172687 0.0
1553173000 0.0
1553173308 0.0
1553173616 0.0
1553173929 0.0
1553174239 0.0
1553174555 0.0
1553174856 0.0
1553175161 0.0
1553175473 0.0
1553175789 0.0
1553176101 0.0
1553176414 0.0
1553176722 0.0
1553177032 0.0
1553177345 0.0
1553177656 0.0
1553177968 0.0
1553178284 0.0
1553178597 0.0
1553178906 0.0
1553179221 0.0
1553179535 0.0
1553179845 0.0
1553180152 0.0
1553180460 0.0
1553180767 0.0
1553181072 0.0
1553181383 0.0
1553181693 0.0
1553181999 0.0
1553182309 174.0
1553182622 176.0
1553183057 177.0
1553183369 177.0
1553183685 176.0
1553183995 176.0
1553184312 177.0
1553184616 176.0
1553184929 176.0
1553185237 176.0
1553185554 175.0
1553185867 174.0
1553186177 175.0
1553186485 176.0
1553186796 176.0
1553187104 175.0
1553187589 -
1553188090 176.0
1553188392 176.0
1553188820 -
1553189206 175.0
1553189517 174.0
1553189829 174.0
1553190269 174.0
1553190584 174.0
1553191007 -
1553191332 175.0
1553191644 175.0
1553191953 176.0
1553192324 175.0
1553192633 176.0
1553193067 176.0
1553193378 175.0
1553193686 176.0
1553193993 175.0
1553194306 174.0
1553194614 175.0
1553194928 176.0
1553195301 34.0
1553195616 175.0
1553195930 141.0
1553196239 0.0
1553196547 0.0
1553196860 0.0
1553197176 0.0
1553197484 0.0
1553197793 0.0
1553198108 0.0
1553198413 0.0
1553198726 0.0
1553199039 0.0
1553199351 0.0
1553199666 0.0
1553199976 0.0
1553200289 0.0
1553200598 0.0
1553200910 0.0
1553201220 0.0
1553201537 0.0
1553201848 0.0
1553202156 0.0
1553202466 0.0
1553202775 0.0
1553203081 0.0
1553203395 0.0
1553203701 0.0
1553204014 0.0
1553204327 0.0
1553204634 0.0
1553204945 0.0
1553205258 0.0
1553205566 0.0
1553205874 0.0
1553206187 0.0
1553206498 0.0
1553206809 0.0
1553207121 0.0
1553207426 0.0
1553207738 0.0
1553208051 0.0
1553208361 0.0
1553208673 0.0
1553208984 0.0
1553209299 0.0
1553209610 0.0
1553209925 0.0
1553210236 0.0
1553210545 0.0
1553210851 0.0
1553211165 0.0
1553211475 0.0
1553211790 0.0
1553212096 0.0
1553212413 0.0
1553212729 0.0
1553213044 0.0
1553213353 0.0
1553213665 0.0
1553213979 0.0
1553214288 0.0
1553214600 0.0
1553214914 0.0
1553215228 0.0
1553215540 0.0
1553215850 0.0
1553216161 0.0
1553216468 0.0
1553216779 0.0
1553217085 0.0
1553217396 0.0
1553217713 0.0
1553218023 0.0
1553218334 0.0
1553218642 0.0
1553218956 0.0
1553219268 0.0
1553219579 0.0
1553219891 0.0
1553220198 0.0
1553220507 0.0
1553220819 0.0
1553221127 0.0
1553221434 0.0
1553221748 0.0
1553222060 0.0
1553222371 0.0
1553222679 0.0
1553222988 0.0
1553223294 0.0
1553223609 0.0
1553223919 0.0
1553224227 0.0
1553224536 0.0
1553224853 0.0
1553225164 0.0
1553225477 0.0
1553225790 0.0
1553226099 0.0
1553226407 0.0
1553226716 0.0
1553227028 0.0
1553227340 0.0
1553227651 0.0
1553227964 0.0
1553228274 0.0
1553228587 0.0
1553228897 0.0
1553229209 0.0
1553229516 0.0
1553229826 0.0
1553230139 0.0
1553230453 0.0
1553230765 0.0
1553231073 0.0
1553231383 0.0
1553231696 0.0
1553232001 0.0
1553232310 0.0
1553232623 0.0
1553232938 0.0
1553233244 0.0
1553233553 0.0
1553233865 0.0
1553234177 0.0
1553234486 0.0
1553234802 0.0
1553235116 0.0
1553235421 0.0
1553235736 0.0
1553236044 0.0
1553236354 0.0
1553236660 0.0
1553236969 0.0
1553237276 0.0
1553237582 0.0
1553237895 0.0
1553238201 0.0
1553238509 0.0
1553238818 0.0
1553239135 0.0
1553239449 0.0
1553239758 0.0
1553240071 0.0
1553240382 0.0
1553240691 0.0
1553241004 0.0
1553241313 0.0
1553241625 0.0
1553241935 0.0
1553242246 0.0
1553242556 0.0
1553242866 0.0
1553243178 0.0
1553243484 0.0
1553243794 0.0
1553244103 0.0
1553244413 0.0
1553244728 0.0
1553245043 0.0
1553245357 0.0
1553245668 0.0
1553245978 0.0
1553246286 0.0
1553246598 0.0
1553246907 0.0
1553247216 0.0
1553247530 0.0
1553247837 0.0
1553248148 0.0
1553248452 0.0
1553248761 0.0
1553249071 0.0
1553249377 0.0
1553249688 0.0
1553250002 0.0
1553250309 0.0
1553250616 0.0
1553250931 0.0
1553251242 0.0
1553251550 0.0
1553251863 0.0
1553252169 0.0
1553252482 0.0
1553252802 175.0
1553253114 177.0
1553253425 176.0
1553253728 69.0
1553254044 0.0
1553254355 0.0
1553254667 0.0
1553254977 0.0
1553255290 0.0
1553255601 0.0
1553255912 0.0
1553256224 0.0
1553256533 0.0
1553256843 0.0
1553257154 0.0
1553257467 0.0
1553257775 0.0
1553258079 0.0
1553258391 0.0
1553258699 0.0
1553259017 0.0
1553259325 0.0
1553259637 0.0
1553259953 0.0
1553260261 0.0
1553260571 0.0
1553260884 0.0
1553261196 0.0
1553261505 0.0
1553261815 0.0
1553262125 0.0
1553262435 0.0
1553262746 0.0
1553263058 0.0
1553263365 0.0
1553263676 0.0
1553263980 0.0
1553264291 0.0
1553264603 0.0
1553264914 0.0
1553265226 0.0
1553265537 0.0
1553265852 0.0
1553266161 0.0
1553266470 0.0
1553266776 0.0
1553267082 0.0
1553267390 0.0
1553267701 0.0
1553268010 0.0
1553268319 0.0
1553268631 0.0
1553268940 0.0
1553269248 0.0
1553269557 0.0
1553269924 176.0
1553270415 175.0
1553270728 69.0
1553271036 0.0
1553271352 0.0
1553271663 0.0
1553271974 0.0
1553272287 0.0
1553272597 0.0
1553272908 0.0
1553273221 0.0
1553273530 0.0
1553273835 0.0
1553274145 0.0
1553274449 0.0
1553274762 0.0
1553275074 0.0
1553275389 0.0
1553275700 0.0
1553276010 0.0
1553276325 0.0
1553276633 0.0
1553276945 0.0
1553277259 0.0
1553277565 0.0
1553277870 0.0
1553278184 0.0
1553278493 0.0
1553278805 0.0
1553279116 0.0
1553279430 0.0
1553279744 110.0
1553280117 177.0
1553280430 176.0
1553280742 175.0
1553281234 175.0
1553281541 176.0
1553281916 176.0
1553282419 175.0
1553282842 -
1553283349 175.0
1553283662 175.0
1553284042 175.0
1553284349 141.0
1553284657 0.0
1553284965 0.0
1553285274 0.0
1553285576 0.0
1553285887 0.0
1553286198 0.0
1553286511 0.0
1553286816 0.0
1553287128 0.0
1553287440 0.0
1553287753 0.0
1553288065 0.0
1553288378 0.0
1553288687 0.0
1553288996 0.0
1553289301 0.0
1553289615 0.0
1553289924 0.0
1553290232 0.0
1553290537 0.0
1553290850 0.0
1553291157 0.0
1553291467 0.0
1553291779 0.0
1553292090 0.0
1553292399 0.0
1553292707 0.0
1553293014 0.0
1553293322 0.0
1553293637 0.0
1553293944 0.0
1553294251 0.0
1553294560 0.0
1553294870 0.0
1553295178 0.0
1553295488 0.0
1553295802 0.0
1553296116 0.0
1553296425 0.0
1553296734 0.0
1553297044 0.0
1553297355 0.0
1553297666 0.0
1553297976 0.0
1553298287 0.0
1553298596 0.0
1553298905 0.0
1553299217 0.0
1553299521 0.0
1553299831 0.0
1553300150 0.0
1553300463 0.0
1553300781 0.0
1553301097 0.0
1553301402 0.0
1553301709 0.0
1553302013 0.0
1553302331 0.0
1553302638 0.0
1553302948 0.0
1553303260 0.0
1553303569 0.0
1553303871 0.0
1553304178 0.0
1553304485 0.0
1553304792 0.0
1553305106 0.0
1553305420 0.0
1553305732 0.0
1553306043 0.0
1553306356 0.0
1553306665 0.0
1553306979 0.0
1553307295 0.0
1553307603 0.0
1553307914 0.0
1553308221 0.0
1553308533 0.0
1553308842 0.0
1553309155 0.0
1553309468 0.0
1553309780 0.0
1553310093 0.0
1553310404 0.0
1553310714 0.0
1553311027 0.0
1553311334 0.0
1553311643 0.0
1553311946 0.0
1553312260 0.0
1553312571 0.0
1553312883 0.0
1553313197 0.0
1553313510 0.0
1553313825 0.0
1553314138 0.0
1553314448 0.0
1553314760 0.0
1553315069 0.0
1553315378 0.0
1553315693 0.0
1553316000 0.0
1553316304 0.0
1553316618 0.0
1553316931 0.0
1553317242 0.0
1553317552 0.0
1553317866 0.0
1553318171 0.0
1553318483 0.0
1553318794 0.0
1553319111 0.0
1553319425 0.0
1553319738 0.0
1553320052 0.0
1553320365 0.0
