1553175104 149.0
1553175271 206.0
1553175441 188.0
1553175611 149.0
1553175778 150.0
1553175948 150.0
1553176118 125.0
1553176288 135.0
1553176458 222.0
1553176628 191.0
1553176798 126.0
1553176968 129.0
1553177138 127.0
1553177305 122.0
1553177475 124.0
1553177645 172.0
1553177815 197.0
1553177985 195.0
1553178155 191.0
1553178322 134.0
1553178492 122.0
1553178662 121.0
1553178832 122.0
1553179002 202.0
1553179172 175.0
1553179342 121.0
1553179512 121.0
1553179679 122.0
1553179846 122.0
1553180016 122.0
1553180186 185.0
1553180354 225.0
1553180521 160.0
1553180691 152.0
1553180861 150.0
1553181031 148.0
1553181198 124.0
1553181368 147.0
1553181538 227.0
1553181708 224.0
1553181875 219.0
1553182045 248.0
1553182215 319.0
1553182383 1631.0
1553182553 332.0
1553182722 356.0
1553182890 411.0
1553183060 363.0
1553183230 327.0
1553183400 307.0
1553183569 328.0
1553183739 328.0
1553183907 335.0
1553184074 396.0
1553184241 385.0
1553184411 380.0
1553184581 309.0
1553184751 307.0
1553184921 307.0
1553185088 333.0
1553185258 382.0
1553185428 334.0
1553185598 305.0
1553185768 304.0
1553185938 306.0
1553186108 306.0
1553186278 370.0
1553186448 382.0
1553186618 380.0
1553186788 356.0
1553186958 303.0
1553187128 302.0
1553187298 329.0
1553187468 406.0
1553187638 364.0
1553187808 329.0
1553187978 328.0
1553188145 331.0
1553188312 316.0
1553188482 354.0
1553188652 408.0
1553188822 346.0
1553188992 331.0
1553189162 331.0
1553189332 331.0
1553189502 308.0
1553189672 346.0
1553189842 408.0
1553190012 412.0
1553190179 402.0
1553190349 325.0
1553190519 305.0
1553190689 331.0
1553190859 332.0
1553191029 398.0
1553191196 363.0
1553191364 311.0
1553191534 309.0
1553191704 310.0
1553191874 307.0
1553192044 304.0
1553192214 380.0
1553192384 355.0
1553192551 304.0
1553192721 305.0
1553192891 2036.0
1553193061 306.0
1553193231 308.0
1553193401 328.0
1553193569 1294.0
1553193738 726.0
1553193908 370.0
1553194078 533.0
1553194245 532.0
1553194413 533.0
1553194583 543.0
1553194753 400.0
1553194923 336.0
1553195093 351.0
1553195260 415.0
1553195427 480.0
1553195595 599.0
1553195765 585.0
1553195934 659.0
1553196104 426.0
1553196274 422.0
1553196444 427.0
1553196612 425.0
1553196782 426.0
1553196949 437.0
1553197119 427.0
1553197286 352.0
1553197453 339.0
1553197621 369.0
1553197791 366.0
1553197958 346.0
1553198128 425.0
1553198296 394.0
1553198466 354.0
1553198636 332.0
1553198803 334.0
1553198971 332.0
1553199141 337.0
1553199308 414.0
1553199478 410.0
1553199648 406.0
1553199816 381.0
1553199983 336.0
1553200153 328.0
1553200320 326.0
1553200488 404.0
1553200655 374.0
1553200822 332.0
1553200993 338.0
1553201160 560.0
1553201327 884.0
1553201495 323.0
1553201665 378.0
1553201835 411.0
1553202002 416.0
1553202170 400.0
1553202337 345.0
1553202507 346.0
1553202674 336.0
1553202844 375.0
1553203014 407.0
1553203182 343.0
1553203352 344.0
1553203522 344.0
1553203692 213.0
1553203859 155.0
1553204029 227.0
1553204197 222.0
1553204367 155.0
1553204534 160.0
1553204704 151.0
1553204874 130.0
1553205042 156.0
1553205212 187.0
1553205379 223.0
1553205547 208.0
1553205717 213.0
1553205884 162.0
1553206051 129.0
1553206221 128.0
1553206389 130.0
1553206559 185.0
1553206729 199.0
1553206896 128.0
1553207066 128.0
1553207237 127.0
1553207407 125.0
1553207574 123.0
1553207741 159.0
1553207911 198.0
1553208079 196.0
1553208246 181.0
1553208416 123.0
1553208584 124.0
1553208754 124.0
1553208924 124.0
1553209094 234.0
1553209261 200.0
1553209431 155.0
1553209599 153.0
1553209766 151.0
1553209936 133.0
1553210106 130.0
1553210273 193.0
1553210441 228.0
1553210611 225.0
1553210781 203.0
1553210951 151.0
1553211121 126.0
1553211288 134.0
1553211456 149.0
1553211626 216.0
1553211796 209.0
1553211966 150.0
1553212133 149.0
1553212304 122.0
1553212474 124.0
1553212644 151.0
1553212811 161.0
1553212979 202.0
1553213146 200.0
1553213316 194.0
1553213486 126.0
1553213653 124.0
1553213823 122.0
1553213994 125.0
1553214164 155.0
1553214331 197.0
1553214498 143.0
1553214668 124.0
1553214836 124.0
1553215006 123.0
1553215173 125.0
1553215343 124.0
1553215513 187.0
1553215681 198.0
1553215848 194.0
1553216015 167.0
1553216183 131.0
1553216350 150.0
1553216517 150.0
1553216685 150.0
1553216852 199.0
1553217020 220.0
1553217190 135.0
1553217357 129.0
1553217524 152.0
1553217692 152.0
1553217862 151.0
1553218029 150.0
1553218196 228.0
1553218364 201.0
1553218531 205.0
1553218701 180.0
1553218869 151.0
1553219036 150.0
1553219203 150.0
1553219374 149.0
1553219541 181.0
1553219711 198.0
1553219881 143.0
1553220051 125.0
1553220221 124.0
1553220389 124.0
1553220559 123.0
1553220729 123.0
1553220896 203.0
1553221066 198.0
1553221234 196.0
1553221401 142.0
1553221568 121.0
1553221738 121.0
1553221906 122.0
1553222073 123.0
1553222243 186.0
1553222411 185.0
1553222578 124.0
1553222748 122.0
1553222915 124.0
1553223083 123.0
1553223253 123.0
1553223423 140.0
1553223593 217.0
1553223763 228.0
1553223931 224.0
1553224098 181.0
1553224268 143.0
1553224438 123.0
1553224608 143.0
1553224776 151.0
1553224946 205.0
1553225113 220.0
1553225280 151.0
1553225450 140.0
1553225618 124.0
1553225785 149.0
1553225953 151.0
1553226123 150.0
1553226290 216.0
1553226457 224.0
1553226624 209.0
1553226792 173.0
1553226962 149.0
1553227129 126.0
1553227297 127.0
1553227467 125.0
1553227637 163.0
1553227807 196.0
1553227974 136.0
1553228144 123.0
1553228312 123.0
1553228479 125.0
1553228649 123.0
1553228819 122.0
1553228989 166.0
1553229159 199.0
1553229327 196.0
1553229494 187.0
1553229664 124.0
1553229834 123.0
1553230002 122.0
1553230169 123.0
1553230339 144.0
1553230509 199.0
1553230677 185.0
1553230847 151.0
1553231014 151.0
1553231184 149.0
1553231352 148.0
1553231522 136.0
1553231692 157.0
1553231859 216.0
1553232029 175.0
1553232199 151.0
1553232367 148.0
1553232534 148.0
1553232704 138.0
1553232871 122.0
1553233041 204.0
1553233209 225.0
1553233379 221.0
1553233546 218.0
1553233714 157.0
1553233881 132.0
1553234049 126.0
1553234219 149.0
1553234389 188.0
1553234556 192.0
1553234723 122.0
1553234891 121.0
1553235061 122.0
1553235228 191.0
1553235395 2101.0
1553235563 624.0
1553235730 429.0
1553235900 611.0
1553236067 219.0
1553236235 179.0
1553236405 174.0
1553236572 175.0
1553236740 1823.0
1553236910 1396.0
1553237080 1611.0
1553237250 654.0
1553237420 258.0
1553237590 254.0
1553237757 261.0
1553237925 210.0
1553238092 209.0
1553238262 214.0
1553238432 709.0
1553238600 569.0
1553238767 188.0
1553238937 199.0
1553239104 212.0
1553239272 212.0
1553239439 210.0
1553239609 251.0
1553239779 268.0
1553239949 352.0
1553240119 339.0
1553240287 2027.0
1553240454 3360.0
1553240622 2720.0
1553240792 2248.0
1553240960 426.0
1553241127 358.0
1553241297 351.0
1553241464 988.0
1553241632 1013.0
1553241799 363.0
1553241969 333.0
1553242139 410.0
1553242307 397.0
1553242474 393.0
1553242644 389.0
1553242814 319.0
1553242982 277.0
1553243152 311.0
1553243322 348.0
1553243489 378.0
1553243659 375.0
1553243829 299.0
1553243997 311.0
1553244164 327.0
1553244331 327.0
1553244499 514.0
1553244666 363.0
1553244833 268.0
1553245001 273.0
1553245171 283.0
1553245341 214.0
1553245508 216.0
1553245676 185.0
1553245846 228.0
1553246016 271.0
1553246183 220.0
1553246351 206.0
1553246521 186.0
1553246688 199.0
1553246858 206.0
1553247025 191.0
1553247193 296.0
1553247360 280.0
1553247527 264.0
1553247698 258.0
1553247865 187.0
1553248035 206.0
1553248202 196.0
1553248373 217.0
1553248540 286.0
1553248707 205.0
1553248877 183.0
1553249045 185.0
1553249212 187.0
1553249379 188.0
1553249547 192.0
1553249714 281.0
1553249884 264.0
1553250051 257.0
1553250221 215.0
1553250389 191.0
1553250559 185.0
1553250726 183.0
1553250894 246.0
1553251064 255.0
1553251231 184.0
1553251401 184.0
1553251569 182.0
1553251739 1777.0
1553251906 1500.0
1553252073 366.0
1553252243 621.0
1553252411 1056.0
1553252581 770.0
1553252748 452.0
1553252916 373.0
1553253083 375.0
1553253254 400.0
1553253421 473.0
1553253589 408.0
1553253756 212.0
1553253923 188.0
1553254091 197.0
1553254261 193.0
1553254431 194.0
1553254598 277.0
1553254766 260.0
1553254936 261.0
1553255106 216.0
1553255273 184.0
1553255443 171.0
1553255610 168.0
1553255778 230.0
1553255945 256.0
1553256115 199.0
1553256283 178.0
1553256453 178.0
1553256623 178.0
1553256790 178.0
1553256960 192.0
1553257130 257.0
1553257301 217.0
1553257468 179.0
1553257635 179.0
1553257805 185.0
1553257975 299.0
1553258145 505.0
1553258313 475.0
1553258483 264.0
1553258650 261.0
1553258820 247.0
1553258990 184.0
1553259158 187.0
1553259325 185.0
1553259492 253.0
1553259662 291.0
1553259830 217.0
1553259997 196.0
1553260165 213.0
1553260332 1640.0
1553260499 1923.0
1553260667 1655.0
1553260837 1999.0
1553261006 1967.0
1553261174 1708.0
1553261341 1866.0
1553261511 1364.0
1553261678 199.0
1553261849 183.0
1553262016 255.0
1553262186 272.0
1553262353 257.0
1553262521 280.0
1553262688 184.0
1553262858 201.0
1553263026 196.0
1553263196 339.0
1553263366 685.0
1553263533 825.0
1553263701 760.0
1553263868 850.0
1553264035 719.0
1553264206 968.0
1553264373 543.0
1553264543 1135.0
1553264713 1134.0
1553264883 492.0
1553265050 180.0
1553265218 182.0
1553265385 182.0
1553265552 181.0
1553265720 233.0
1553265887 256.0
1553266054 260.0
1553266224 252.0
1553266392 194.0
1553266559 188.0
1553266727 735.0
1553266894 205.0
1553267061 213.0
1553267229 286.0
1553267396 219.0
1553267564 191.0
1553267734 213.0
1553267904 188.0
1553268074 204.0
1553268241 212.0
1553268409 270.0
1553268576 279.0
1553268746 254.0
1553268916 232.0
1553269086 191.0
1553269253 188.0
1553269421 209.0
1553269591 257.0
1553269758 443.0
1553269928 373.0
1553270095 370.0
1553270266 370.0
1553270433 373.0
1553270600 339.0
1553270768 236.0
1553270938 255.0
1553271105 193.0
1553271276 186.0
1553271443 181.0
1553271613 182.0
1553271780 181.0
1553271948 235.0
1553272118 257.0
1553272285 256.0
1553272452 252.0
1553272622 198.0
1553272793 181.0
1553272963 181.0
1553273130 200.0
1553273297 258.0
1553273467 216.0
1553273635 183.0
1553273802 196.0
1553273969 211.0
1553274139 193.0
1553274310 206.0
1553274477 283.0
1553274645 231.0
1553274815 182.0
1553274985 181.0
1553275152 179.0
1553275322 185.0
1553275489 229.0
1553275657 259.0
1553275827 255.0
1553275997 250.0
1553276167 250.0
1553276337 927.0
1553276504 2093.0
1553276675 213.0
1553276845 2181.0
1553277015 1611.0
1553277185 1117.0
1553277355 1165.0
1553277522 1905.0
1553277690 2506.0
1553277857 1843.0
1553278024 1757.0
1553278192 438.0
1553278359 293.0
1553278529 272.0
1553278699 217.0
1553278867 217.0
1553279037 231.0
1553279204 293.0
1553279374 263.0
1553279544 214.0
1553279714 338.0
1553279884 360.0
1553280054 364.0
1553280224 442.0
1553280394 440.0
1553280562 436.0
1553280729 388.0
1553280897 365.0
1553281067 387.0
1553281234 435.0
1553281401 449.0
1553281569 408.0
1553281736 370.0
1553281903 364.0
1553282071 365.0
1553282238 385.0
1553282405 445.0
1553282573 444.0
1553282740 384.0
1553282908 382.0
1553283075 367.0
1553283242 385.0
1553283410 366.0
1553283577 429.0
1553283747 445.0
1553283915 459.0
1553284082 446.0
1553284252 624.0
1553284419 2566.0
1553284587 2509.0
1553284754 2623.0
1553284921 2680.0
1553285091 1540.0
1553285259 457.0
1553285426 1374.0
1553285594 2647.0
1553285764 2643.0
1553285931 2635.0
1553286098 3455.0
1553286266 739.0
1553286433 466.0
1553286603 460.0
1553286770 404.0
1553286938 371.0
1553287105 370.0
1553287273 447.0
1553287440 445.0
1553287610 390.0
1553287778 370.0
1553287948 370.0
1553288115 400.0
1553288282 474.0
1553288452 432.0
1553288622 380.0
1553288792 391.0
1553288962 369.0
1553289133 386.0
1553289300 453.0
1553289467 388.0
1553289637 366.0
1553289807 368.0
1553289975 380.0
1553290142 378.0
1553290312 440.0
1553290482 399.0
1553290649 414.0
1553290820 362.0
1553290990 321.0
1553291157 336.0
1553291327 379.0
1553291497 404.0
1553291665 143.0
1553291832 154.0
1553292002 142.0
1553292172 142.0
1553292340 157.0
1553292510 220.0
1553292680 177.0
1553292850 143.0
1553293020 143.0
1553293187 146.0
1553293357 149.0
1553293528 195.0
1553293695 220.0
1553293865 217.0
1553294035 213.0
1553294202 147.0
1553294372 144.0
1553294543 142.0
1553294710 184.0
1553294880 215.0
1553295050 150.0
1553295218 144.0
1553295385 152.0
1553295552 171.0
1553295720 172.0
1553295887 207.0
1553296057 218.0
1553296225 152.0
1553296392 237.0
1553296562 396.0
1553296729 380.0
1553296899 373.0
1553297067 392.0
1553297234 208.0
1553297404 159.0
1553297574 147.0
1553297742 215.0
1553297909 220.0
1553298079 219.0
1553298249 228.0
1553298419 212.0
1553298589 232.0
1553298756 215.0
1553298924 238.0
1553299094 208.0
1553299261 205.0
1553299431 203.0
1553299601 205.0
1553299769 133.0
1553299939 132.0
1553300106 131.0
1553300274 131.0
1553300441 130.0
1553300608 176.0
1553300776 207.0
1553300946 137.0
1553301116 130.0
1553301283 130.0
1553301450 131.0
1553301618 134.0
1553301785 191.0
1553301955 206.0
1553302125 206.0
1553302295 201.0
1553302466 145.0
1553302636 149.0
1553302806 158.0
1553302973 193.0
1553303141 220.0
1553303308 168.0
1553303478 145.0
1553303646 129.0
1553303813 131.0
1553303983 157.0
1553304150 171.0
1553304318 206.0
1553304488 203.0
1553304658 218.0
1553304825 172.0
1553304995 130.0
1553305165 129.0
1553305335 137.0
1553305505 214.0
1553305673 197.0
1553305840 128.0
1553306010 129.0
1553306180 144.0
1553306350 128.0
1553306518 128.0
1553306685 184.0
1553306852 204.0
1553307022 200.0
1553307192 186.0
1553307363 128.0
1553307533 128.0
1553307700 128.0
1553307867 148.0
1553308035 203.0
1553308202 161.0
1553308372 128.0
1553308539 128.0
1553308707 129.0
1553308877 130.0
1553309044 130.0
1553309212 199.0
1553309379 204.0
1553309546 201.0
1553309714 172.0
1553309881 158.0
1553310048 157.0
1553310216 156.0
1553310386 167.0
1553310553 212.0
1553310723 172.0
1553310891 156.0
1553311058 138.0
1553311228 134.0
1553311396 156.0
1553311563 144.0
1553311733 200.0
1553311903 231.0
1553312073 201.0
1553312244 185.0
1553312411 135.0
1553312581 138.0
1553312751 146.0
1553312919 142.0
1553313086 225.0
1553313253 168.0
1553313423 134.0
1553313591 129.0
1553313758 129.0
1553313925 129.0
1553314096 129.0
1553314263 182.0
1553314433 205.0
1553314600 203.0
1553314768 186.0
1553314935 130.0
1553315105 130.0
1553315275 130.0
1553315445 130.0
1553315615 184.0
1553315783 198.0
1553315953 131.0
1553316123 128.0
1553316290 128.0
1553316460 127.0
1553316627 128.0
1553316795 129.0
1553316965 221.0
1553317132 229.0
1553317299 226.0
1553317467 190.0
1553317634 168.0
1553317801 166.0
1553317969 148.0
1553318139 166.0
1553318309 216.0
1553318476 183.0
1553318644 157.0
1553318814 167.0
1553318981 146.0
1553319151 151.0
1553319321 160.0
1553319488 159.0
1553319656 212.0
1553319826 230.0
1553319993 210.0
1553320163 140.0
1553320331 156.0
1553320501 148.0
1553320668 128.0
1553320838 140.0
1553321008 204.0
1553321178 162.0
1553321346 130.0
1553321516 132.0
1553321683 497.0
1553321853 1899.0
1553322021 489.0
1553322191 481.0
1553322358 202.0
1553322528 176.0
1553322695 128.0
1553322865 128.0
1553323036 129.0
1553323206 129.0
1553323376 129.0
1553323543 203.0
1553323713 256.0
1553323881 254.0
1553324051 253.0
1553324218 235.0
1553324386 217.0
1553324556 214.0
1553324723 215.0
1553324890 256.0
1553325058 255.0
1553325225 189.0
1553325393 249.0
1553325560 879.0
1553325727 2385.0
1553325895 1833.0
1553326065 291.0
1553326232 1083.0
1553326400 280.0
1553326570 251.0
1553326740 270.0
1553326910 770.0
1553327080 260.0
1553327250 244.0
1553327421 349.0
1553327591 328.0
1553327761 314.0
1553327928 284.0
1553328096 242.0
1553328266 232.0
1553328433 244.0
1553328601 282.0
1553328771 304.0
1553328941 305.0
1553329111 236.0
1553329278 241.0
1553329448 278.0
1553329616 316.0
1553329786 388.0
1553329953 254.0
1553330123 227.0
1553330290 166.0
1553330460 169.0
1553330630 188.0
1553330798 174.0
1553330968 178.0
1553331135 194.0
1553331303 263.0
1553331470 489.0
1553331640 1591.0
1553331807 368.0
1553331975 358.0
1553332143 2396.0
1553332311 2386.0
1553332478 2362.0
1553332646 1228.0
1553332814 2496.0
1553332981 1455.0
1553333149 297.0
1553333317 290.0
1553333485 299.0
1553333652 296.0
1553333820 272.0
1553333988 367.0
1553334155 366.0
1553334323 1087.0
1553334491 1782.0
1553334658 839.0
1553334826 753.0
1553334994 729.0
1553335162 276.0
1553335330 348.0
1553335497 310.0
1553335665 267.0
1553335833 269.0
1553336000 413.0
1553336168 441.0
1553336336 444.0
1553336504 467.0
1553336672 506.0
1553336839 512.0
1553337007 509.0
1553337175 482.0
1553337342 418.0
1553337510 445.0
1553337678 439.0
1553337846 473.0
1553338013 545.0
1553338181 415.0
1553338349 558.0
1553338517 578.0
1553338684 647.0
1553338852 1198.0
1553339020 1005.0
1553339187 983.0
1553339355 1282.0
1553339523 3395.0
1553339691 1851.0
1553339858 899.0
1553340026 842.0
1553340194 851.0
1553340362 890.0
1553340529 850.0
1553340697 593.0
1553340865 560.0
1553341033 560.0
1553341201 590.0
1553341368 505.0
1553341536 497.0
1553341704 470.0
1553341872 474.0
1553342040 480.0
1553342207 465.0
1553342375 465.0
1553342543 398.0
1553342710 388.0
1553342878 386.0
1553343046 464.0
1553343213 591.0
1553343381 582.0
1553343548 661.0
1553343716 758.0
1553343884 2803.0
