1553344052 2780.0
1553344219 2777.0
1553344387 2832.0
1553344555 1862.0
1553344723 650.0
1553344891 1453.0
1553345058 2746.0
1553345226 2591.0
1553345394 2589.0
1553345562 2602.0
1553345729 1134.0
1553345897 421.0
1553346065 372.0
1553346232 364.0
1553346400 344.0
1553346568 345.0
1553346736 422.0
1553346903 405.0
1553347071 363.0
1553347239 380.0
1553347406 368.0
1553347574 380.0
1553347742 401.0
1553347912 449.0
1553348080 440.0
1553348247 444.0
1553348415 370.0
1553348583 378.0
1553348751 362.0
1553348918 435.0
1553349086 441.0
1553349253 384.0
1553349421 363.0
1553349589 363.0
1553349757 363.0
1553349924 375.0
1553350092 441.0
1553350259 402.0
1553350427 363.0
1553350595 362.0
1553350762 362.0
1553350930 361.0
1553351098 421.0
1553351265 439.0
1553351433 434.0
1553351601 412.0
1553351768 361.0
1553351936 361.0
1553352104 368.0
1553352271 441.0
1553352439 406.0
1553352607 359.0
1553352774 360.0
1553352942 361.0
1553353110 2137.0
1553353277 1080.0
1553353445 577.0
1553353612 348.0
1553353780 341.0
1553353948 343.0
1553354115 360.0
1553354283 367.0
1553354451 345.0
1553354619 241.0
1553354786 237.0
1553354954 218.0
1553355122 167.0
1553355290 188.0
1553355458 195.0
1553355625 236.0
1553355793 249.0
1553355961 171.0
1553356129 183.0
1553356297 171.0
1553356464 183.0
1553356632 167.0
1553356800 250.0
1553356968 224.0
1553357136 166.0
1553357303 168.0
1553357471 177.0
1553357639 170.0
1553357806 206.0
1553357974 244.0
1553358142 242.0
1553358310 236.0
1553358478 185.0
1553358645 168.0
1553358813 169.0
1553358981 231.0
1553359149 230.0
1553359316 165.0
1553359484 166.0
1553359652 166.0
1553359820 170.0
1553359987 210.0
1553360155 246.0
1553360323 203.0
1553360491 186.0
1553360659 166.0
1553360826 192.0
1553360994 201.0
1553361162 246.0
1553361329 242.0
1553361497 237.0
1553361665 210.0
1553361833 172.0
1553362000 207.0
1553362168 246.0
1553362336 374.0
1553362504 396.0
1553362672 389.0
1553362839 2315.0
1553363007 3133.0
1553363175 3133.0
1553363342 1618.0
1553363510 484.0
1553363678 899.0
1553363846 1536.0
1553364013 402.0
1553364181 1230.0
1553364349 1136.0
1553364516 467.0
1553364684 1389.0
1553364852 1917.0
1553365019 1214.0
1553365187 3975.0
1553365355 1988.0
1553365522 2297.0
1553365690 2706.0
1553365858 2279.0
1553366026 920.0
1553366193 2522.0
1553366361 939.0
1553366528 1992.0
1553366696 1470.0
1553366864 888.0
1553367034 1968.0
1553367202 509.0
1553367369 2131.0
1553367537 1215.0
1553367705 409.0
1553367872 477.0
1553368040 448.0
1553368208 417.0
1553368375 402.0
1553368543 400.0
1553368711 431.0
1553368878 478.0
1553369046 477.0
1553369214 468.0
1553369381 462.0
1553369549 493.0
1553369717 578.0
1553369885 569.0
1553370052 648.0
1553370220 1990.0
1553370387 601.0
1553370555 372.0
1553370723 384.0
1553370890 410.0
1553371058 437.0
1553371226 432.0
1553371393 439.0
1553371561 391.0
1553371729 368.0
1553371896 371.0
1553372064 434.0
1553372231 438.0
1553372399 362.0
1553372567 519.0
1553372735 365.0
1553372903 1132.0
1553373070 451.0
1553373238 449.0
1553373406 435.0
1553373574 423.0
1553373741 364.0
1553373909 362.0
1553374077 398.0
1553374245 440.0
1553374413 391.0
1553374580 369.0
1553374748 388.0
1553374916 374.0
1553375083 391.0
1553375251 452.0
1553375419 443.0
1553375587 405.0
1553375754 338.0
1553375922 315.0
1553376090 143.0
1553376258 219.0
1553376425 194.0
1553376593 140.0
1553376761 147.0
1553376929 132.0
1553377096 150.0
1553377264 202.0
1553377432 207.0
1553377600 135.0
1553377767 149.0
1553377935 135.0
1553378103 149.0
1553378270 194.0
1553378438 209.0
1553378606 207.0
1553378773 202.0
1553378941 159.0
1553379109 134.0
1553379276 134.0
1553379444 206.0
1553379612 205.0
1553379779 135.0
1553379947 134.0
1553380115 135.0
1553380282 135.0
1553380450 169.0
1553380618 208.0
1553380785 206.0
1553380953 201.0
1553381121 149.0
1553381288 133.0
1553381456 134.0
1553381624 186.0
1553381792 216.0
1553381959 168.0
1553382127 146.0
1553382295 135.0
1553382463 156.0
1553382630 144.0
1553382798 208.0
1553382966 226.0
1553383134 203.0
1553383301 192.0
1553383469 132.0
1553383637 143.0
1553383805 135.0
1553383972 200.0
1553384140 199.0
1553384308 154.0
1553384476 374.0
1553384643 358.0
1553384811 368.0
1553384979 364.0
1553385147 294.0
1553385315 146.0
1553385482 129.0
1553385650 169.0
1553385818 201.0
1553385985 202.0
1553386153 206.0
1553386321 208.0
1553386489 212.0
1553386656 211.0
1553386824 208.0
1553386992 203.0
1553387160 201.0
1553387328 200.0
1553387495 203.0
1553387663 175.0
1553387831 131.0
1553387998 131.0
1553388166 131.0
1553388334 130.0
1553388502 162.0
1553388669 208.0
1553388837 161.0
1553389005 142.0
1553389173 157.0
1553389341 156.0
1553389508 134.0
1553389676 187.0
1553389844 216.0
1553390011 231.0
1553390179 216.0
1553390347 173.0
1553390515 155.0
1553390682 130.0
1553390850 195.0
1553391018 214.0
1553391185 133.0
1553391353 143.0
1553391521 132.0
1553391689 143.0
1553391856 138.0
1553392024 223.0
1553392192 206.0
1553392360 218.0
1553392527 183.0
1553392695 128.0
1553392863 128.0
1553393030 129.0
1553393198 204.0
1553393366 187.0
1553393534 131.0
1553393701 129.0
1553393869 128.0
1553394037 129.0
1553394204 128.0
1553394372 215.0
1553394540 205.0
1553394707 200.0
1553394875 169.0
1553395043 128.0
1553395210 129.0
1553395378 130.0
1553395546 182.0
1553395714 192.0
1553395881 129.0
1553396049 128.0
1553396217 142.0
1553396384 156.0
1553396552 156.0
1553396720 200.0
1553396887 207.0
1553397055 229.0
1553397223 186.0
1553397390 129.0
1553397558 132.0
1553397726 157.0
1553397894 206.0
1553398061 204.0
1553398229 153.0
1553398396 140.0
1553398564 138.0
1553398732 142.0
1553398900 138.0
1553399067 197.0
1553399235 207.0
1553399402 142.0
1553399570 136.0
1553399738 144.0
1553399905 131.0
1553400073 137.0
1553400241 174.0
1553400408 206.0
1553400576 203.0
1553400743 190.0
1553400911 132.0
1553401079 132.0
1553401247 131.0
1553401414 133.0
1553401582 206.0
1553401750 172.0
1553401918 130.0
1553402086 131.0
1553402253 133.0
1553402421 133.0
1553402589 134.0
1553402757 204.0
1553402925 189.0
1553403092 134.0
1553403260 135.0
1553403428 152.0
1553403595 161.0
1553403763 161.0
1553403931 211.0
1553404099 216.0
1553404267 209.0
1553404434 225.0
1553404602 133.0
1553404770 148.0
1553404938 144.0
1553405105 136.0
1553405273 239.0
1553405441 186.0
1553405609 144.0
1553405776 146.0
1553405944 138.0
1553406112 146.0
1553406279 146.0
1553406447 196.0
1553406615 232.0
1553406783 136.0
1553406950 181.0
1553407118 131.0
1553407286 139.0
1553407454 143.0
1553407624 165.0
1553407792 223.0
1553407959 219.0
1553408127 214.0
1553408295 175.0
1553408462 142.0
1553408630 142.0
1553408798 142.0
1553408966 170.0
1553409133 216.0
1553409301 160.0
1553409469 142.0
1553409637 143.0
1553409804 142.0
1553409972 143.0
1553410140 143.0
1553410307 208.0
1553410475 249.0
1553410643 1624.0
1553410811 555.0
1553410978 582.0
1553411146 383.0
1553411314 335.0
1553411481 373.0
1553411649 425.0
1553411817 422.0
1553411984 402.0
1553412152 341.0
1553412320 344.0
1553412488 320.0
1553412655 355.0
1553412823 401.0
1553412990 436.0
1553413158 2448.0
1553413326 2557.0
1553413494 2549.0
1553413662 2549.0
1553413829 2164.0
1553413997 396.0
1553414165 558.0
1553414332 2619.0
1553414500 2607.0
1553414668 2566.0
1553414835 2533.0
1553415003 1582.0
1553415171 321.0
1553415339 379.0
1553415506 384.0
1553415674 320.0
1553415842 320.0
1553416010 319.0
1553416177 318.0
1553416345 315.0
1553416513 396.0
1553416680 446.0
1553416848 380.0
1553417016 363.0
1553417184 357.0
1553417352 356.0
1553417519 356.0
1553417687 422.0
1553417855 449.0
1553418023 453.0
1553418190 439.0
1553418358 370.0
1553418526 348.0
1553418693 379.0
1553418861 446.0
1553419029 404.0
1553419197 366.0
1553419364 381.0
1553419532 354.0
1553419700 373.0
1553419867 372.0
1553420035 434.0
1553420203 416.0
1553420371 373.0
1553420539 357.0
1553420706 370.0
1553420874 542.0
1553421042 687.0
1553421210 532.0
1553421377 499.0
1553421545 425.0
1553421713 382.0
1553421881 354.0
1553422048 353.0
1553422216 376.0
1553422384 428.0
1553422552 381.0
1553422719 629.0
1553422887 1657.0
1553423055 1708.0
1553423223 823.0
1553423391 411.0
1553423558 431.0
1553423726 458.0
1553423894 446.0
1553424062 407.0
1553424229 370.0
1553424397 365.0
1553424565 364.0
1553424733 413.0
1553424900 1188.0
1553425068 1224.0
1553425236 397.0
1553425403 369.0
1553425573 321.0
1553425741 216.0
1553425909 171.0
1553426076 265.0
1553426244 240.0
1553426412 245.0
1553426579 219.0
1553426747 179.0
1553426915 177.0
1553427083 212.0
1553427250 266.0
1553427418 182.0
1553427586 180.0
1553427753 173.0
1553427921 170.0
1553428089 174.0
1553428256 222.0
1553428424 250.0
1553428592 164.0
1553428760 166.0
1553428927 164.0
1553429095 164.0
1553429262 164.0
1553429430 231.0
1553429598 240.0
1553429765 235.0
1553429933 209.0
1553430101 163.0
1553430268 163.0
1553430436 164.0
1553430604 235.0
1553430771 208.0
1553430939 164.0
1553431107 163.0
1553431275 163.0
1553431442 164.0
1553431610 184.0
1553431778 240.0
1553431945 198.0
1553432113 165.0
1553432281 191.0
1553432449 186.0
1553432616 162.0
1553432784 178.0
1553432952 240.0
1553433119 266.0
1553433287 257.0
1553433455 193.0
1553433623 185.0
1553433790 164.0
1553433958 172.0
1553434126 256.0
1553434294 210.0
1553434461 183.0
1553434629 164.0
1553434797 184.0
1553434964 164.0
1553435132 177.0
1553435300 248.0
1553435468 219.0
1553435636 170.0
1553435803 163.0
1553435971 163.0
1553436139 164.0
1553436307 164.0
1553436474 249.0
1553436642 238.0
1553436810 235.0
1553436977 207.0
1553437145 163.0
1553437313 163.0
1553437481 163.0
1553437649 237.0
1553437816 219.0
1553437984 164.0
1553438152 162.0
1553438320 166.0
1553438487 163.0
1553438655 162.0
1553438823 225.0
1553438991 224.0
1553439158 166.0
1553439326 169.0
1553439494 191.0
1553439662 182.0
1553439830 172.0
1553439997 265.0
1553440165 255.0
1553440333 237.0
1553440501 225.0
1553440668 164.0
1553440836 164.0
1553441004 174.0
1553441172 231.0
1553441339 248.0
1553441507 174.0
1553441675 176.0
1553441843 170.0
1553442011 176.0
1553442178 164.0
1553442346 228.0
1553442514 239.0
1553442681 183.0
1553442849 165.0
1553443017 164.0
1553443184 164.0
1553443352 164.0
1553443520 210.0
1553443687 238.0
1553443855 236.0
1553444022 232.0
1553444190 167.0
1553444358 164.0
1553444525 164.0
1553444693 221.0
1553444861 235.0
1553445028 165.0
1553445196 166.0
1553445364 165.0
1553445532 166.0
1553445699 169.0
1553445867 234.0
1553446035 233.0
1553446202 170.0
1553446370 168.0
1553446538 171.0
1553446706 194.0
1553446873 189.0
1553447041 247.0
1553447208 261.0
1553447376 239.0
1553447544 240.0
1553447712 168.0
1553447879 186.0
1553448047 169.0
1553448215 232.0
1553448383 235.0
1553448550 186.0
1553448718 166.0
1553448886 185.0
1553449053 164.0
1553449221 183.0
1553449389 239.0
1553449557 247.0
1553449725 167.0
1553449892 183.0
1553450060 167.0
1553450228 166.0
1553450396 186.0
1553450563 261.0
1553450731 240.0
1553450899 235.0
1553451066 231.0
1553451234 344.0
1553451402 347.0
1553451570 335.0
1553451738 380.0
1553451906 460.0
1553452073 421.0
1553452241 397.0
1553452409 395.0
1553452577 394.0
1553452745 394.0
1553452912 440.0
1553453080 468.0
1553453248 407.0
1553453416 390.0
1553453584 391.0
1553453752 395.0
1553453919 419.0
1553454087 461.0
1553454254 472.0
1553454422 465.0
1553454590 462.0
1553454757 412.0
1553454925 389.0
1553455093 413.0
1553455260 439.0
1553455428 465.0
1553455596 439.0
1553455763 398.0
1553455931 386.0
1553456099 401.0
1553456266 386.0
1553456434 422.0
1553456601 475.0
1553456769 416.0
1553456937 402.0
1553457105 382.0
1553457272 394.0
1553457440 389.0
1553457607 1235.0
1553457775 468.0
1553457943 445.0
1553458110 414.0
1553458278 374.0
1553458446 343.0
1553458613 342.0
1553458781 341.0
1553458949 410.0
1553459117 366.0
1553459284 327.0
1553459452 250.0
1553459619 147.0
1553459787 145.0
1553459955 154.0
1553460123 222.0
1553460290 187.0
1553460458 141.0
1553460625 140.0
1553460793 139.0
1553460961 143.0
1553461128 164.0
1553461296 236.0
1553461464 225.0
1553461631 227.0
1553461799 193.0
1553461967 133.0
1553462134 131.0
1553462302 147.0
1553462470 212.0
1553462637 206.0
1553462805 132.0
1553462972 130.0
1553463140 130.0
1553463308 155.0
1553463476 148.0
1553463644 173.0
1553463811 206.0
1553463979 144.0
1553464147 137.0
1553464315 157.0
1553464483 138.0
1553464650 129.0
1553464818 162.0
1553464986 205.0
1553465153 203.0
1553465321 200.0
1553465489 154.0
1553465657 130.0
1553465824 132.0
1553465992 133.0
1553466160 201.0
1553466328 180.0
1553466496 132.0
1553466663 132.0
1553466831 131.0
1553466999 131.0
1553467167 132.0
1553467334 198.0
1553467502 188.0
1553467670 131.0
1553467838 132.0
1553468005 131.0
1553468173 138.0
1553468341 158.0
1553468509 218.0
1553468676 215.0
1553468844 233.0
1553469011 200.0
1553469179 134.0
1553469347 133.0
1553469514 156.0
1553469682 160.0
1553469850 206.0
1553470017 160.0
1553470185 131.0
1553470353 137.0
1553470521 158.0
1553470688 138.0
1553470856 131.0
1553471023 214.0
1553471191 183.0
1553471359 146.0
1553471526 149.0
1553471694 132.0
1553471862 135.0
1553472029 130.0
1553472197 191.0
1553472365 206.0
1553472532 204.0
1553472700 199.0
1553472868 131.0
1553473035 130.0
1553473203 130.0
1553473370 159.0
1553473538 205.0
1553473706 154.0
1553473874 129.0
1553474042 131.0
1553474209 131.0
1553474377 130.0
1553474545 130.0
1553474713 219.0
1553474880 177.0
1553475048 130.0
1553475216 130.0
1553475384 139.0
1553475551 157.0
1553475719 156.0
1553475887 192.0
1553476055 206.0
1553476222 203.0
1553476390 223.0
1553476558 150.0
1553476726 129.0
1553476893 138.0
1553477061 173.0
1553477229 204.0
1553477397 179.0
1553477564 137.0
1553477732 138.0
1553477900 138.0
1553478068 140.0
1553478235 134.0
1553478403 221.0
1553478571 201.0
1553478739 129.0
1553478906 145.0
1553479074 126.0
1553479242 127.0
1553479409 127.0
1553479577 154.0
1553479745 203.0
1553479912 201.0
1553480080 198.0
1553480248 154.0
1553480415 127.0
1553480583 128.0
1553480751 128.0
1553480918 192.0
1553481086 192.0
1553481254 128.0
1553481421 127.0
1553481589 128.0
1553481757 127.0
1553481924 126.0
1553482092 149.0
1553482260 202.0
1553482427 154.0
1553482595 137.0
1553482763 154.0
1553482931 153.0
1553483098 146.0
1553483266 128.0
1553483434 209.0
1553483602 212.0
1553483769 205.0
1553483937 223.0
1553484105 137.0
1553484273 137.0
1553484440 147.0
1553484608 127.0
1553484776 241.0
1553484944 173.0
1553485111 136.0
1553485279 148.0
1553485447 130.0
1553485615 135.0
1553485782 127.0
1553485950 188.0
1553486118 200.0
1553486285 127.0
1553486453 138.0
1553486621 126.0
1553486788 127.0
1553486956 126.0
1553487124 126.0
1553487291 218.0
1553487459 201.0
1553487627 196.0
1553487794 174.0
1553487962 126.0
1553488130 126.0
1553488297 125.0
1553488465 156.0
1553488633 201.0
1553488801 151.0
1553488968 126.0
1553489136 126.0
1553489304 125.0
1553489472 124.0
1553489639 125.0
1553489807 196.0
1553489975 229.0
1553490143 157.0
1553490311 154.0
1553490478 125.0
1553490646 458.0
1553490813 142.0
1553490981 143.0
1553491149 270.0
1553491317 255.0
1553491484 274.0
1553491652 288.0
1553491820 157.0
1553491988 154.0
1553492155 152.0
1553492323 142.0
1553492491 228.0
1553492658 179.0
1553492826 298.0
1553492994 1779.0
1553493161 138.0
1553493329 164.0
1553493497 147.0
1553493664 218.0
1553493832 214.0
1553493999 210.0
1553494167 152.0
1553494335 138.0
1553494503 431.0
1553494671 1703.0
1553494838 171.0
1553495006 213.0
1553495174 150.0
1553495342 144.0
1553495509 172.0
1553495677 410.0
1553495845 525.0
1553496013 419.0
1553496180 260.0
1553496348 250.0
1553496516 227.0
1553496684 274.0
1553496852 1024.0
1553497019 961.0
1553497187 439.0
1553497355 438.0
1553497522 330.0
1553497690 189.0
1553497858 210.0
1553498025 268.0
1553498193 251.0
1553498361 278.0
1553498529 268.0
1553498696 273.0
1553498864 271.0
1553499032 281.0
1553499199 303.0
1553499367 270.0
1553499535 284.0
1553499702 261.0
1553499870 271.0
1553500038 207.0
1553500205 193.0
1553500373 195.0
1553500541 184.0
1553500709 186.0
1553500876 220.0
1553501044 261.0
1553501211 198.0
1553501379 179.0
1553501547 168.0
1553501714 169.0
1553501882 170.0
1553502050 211.0
1553502218 244.0
1553502386 242.0
1553502553 237.0
1553502721 191.0
1553502889 166.0
1553503057 165.0
1553503225 200.0
1553503393 242.0
1553503560 187.0
1553503728 166.0
1553503896 164.0
1553504064 164.0
1553504231 182.0
1553504399 223.0
1553504567 270.0
1553504735 206.0
1553504902 165.0
1553505070 169.0
1553505238 193.0
1553505406 183.0
1553505573 163.0
1553505741 271.0
1553505909 243.0
1553506077 248.0
1553506244 223.0
1553506412 179.0
1553506580 174.0
1553506748 171.0
1553506915 230.0
1553507083 240.0
1553507251 176.0
1553507419 183.0
1553507587 167.0
1553507754 180.0
1553507922 166.0
1553508090 206.0
1553508257 244.0
1553508425 180.0
1553508593 166.0
1553508761 165.0
1553508928 166.0
1553509096 166.0
1553509264 176.0
1553509432 244.0
1553509599 239.0
1553509767 235.0
1553509935 207.0
1553510103 164.0
1553510270 164.0
1553510438 164.0
1553510606 201.0
1553510774 239.0
1553510941 173.0
1553511109 164.0
1553511277 164.0
1553511445 184.0
1553511612 192.0
1553511780 203.0
1553511948 247.0
