1553364013 626.0
1553364192 1578.0
1553364371 1275.0
1553364549 686.0
1553364728 2366.0
1553364907 2057.0
1553365085 2952.0
1553365264 4117.0
1553365443 2543.0
1553365621 2436.0
1553365800 3493.0
1553365979 2418.0
1553366157 2388.0
1553366336 2662.0
1553366515 2026.0
1553366694 2131.0
1553366872 1251.0
1553367053 2107.0
1553367232 742.0
1553367411 2960.0
1553367589 1356.0
1553367768 687.0
1553367947 730.0
1553368125 658.0
1553368304 667.0
1553368482 637.0
1553368661 658.0
1553368840 721.0
1553369019 731.0
1553369197 715.0
1553369376 714.0
1553369555 787.0
1553369733 855.0
1553369912 843.0
1553370091 857.0
1553370269 2184.0
1553370448 739.0
1553370626 597.0
1553370805 578.0
1553370984 635.0
1553371163 642.0
1553371341 606.0
1553371520 577.0
1553371698 528.0
1553371877 529.0
1553372056 586.0
1553372234 599.0
1553372413 568.0
1553372592 712.0
1553372770 641.0
1553372949 1270.0
1553373128 629.0
1553373307 605.0
1553373486 595.0
1553373664 562.0
1553373843 522.0
1553374022 521.0
1553374201 612.0
1553374380 577.0
1553374558 528.0
1553374737 547.0
1553374916 533.0
1553375094 553.0
1553375273 616.0
1553375452 601.0
1553375631 561.0
1553375809 477.0
1553375988 454.0
1553376167 326.0
1553376346 383.0
1553376524 333.0
1553376703 307.0
1553376882 288.0
1553377061 303.0
1553377239 343.0
1553377418 369.0
1553377597 346.0
1553377776 304.0
1553377954 291.0
1553378133 305.0
1553378312 364.0
1553378490 366.0
1553378669 361.0
1553378848 354.0
1553379026 298.0
1553379205 290.0
1553379383 329.0
1553379562 371.0
1553379741 344.0
1553379920 290.0
1553380098 291.0
1553380277 291.0
1553380455 325.0
1553380634 365.0
1553380813 362.0
1553380992 358.0
1553381170 288.0
1553381349 289.0
1553381527 290.0
1553381706 373.0
1553381885 357.0
1553382064 309.0
1553382243 289.0
1553382421 305.0
1553382600 304.0
1553382779 353.0
1553382957 381.0
1553383136 361.0
1553383315 345.0
1553383494 283.0
1553383672 300.0
1553383851 287.0
1553384030 379.0
1553384209 337.0
1553384388 423.0
1553384566 521.0
1553384745 518.0
1553384924 533.0
1553385103 506.0
1553385282 432.0
1553385460 284.0
1553385639 317.0
1553385818 357.0
1553385996 359.0
1553386175 363.0
1553386354 366.0
1553386533 368.0
1553386711 367.0
1553386890 360.0
1553387069 357.0
1553387248 356.0
1553387427 357.0
1553387605 357.0
1553387784 314.0
1553387963 285.0
1553388142 286.0
1553388320 285.0
1553388499 315.0
1553388678 365.0
1553388856 311.0
1553389035 301.0
1553389214 312.0
1553389393 307.0
1553389572 282.0
1553389750 372.0
1553389929 385.0
1553390108 387.0
1553390286 354.0
1553390465 311.0
1553390644 292.0
1553390822 329.0
1553391001 377.0
1553391180 351.0
1553391359 297.0
1553391537 289.0
1553391716 293.0
1553391895 310.0
1553392074 376.0
1553392252 367.0
1553392431 365.0
1553392610 319.0
1553392788 282.0
1553392967 282.0
1553393146 334.0
1553393325 362.0
1553393503 324.0
1553393682 284.0
1553393861 283.0
1553394039 283.0
1553394218 297.0
1553394397 363.0
1553394575 360.0
1553394754 355.0
1553394933 306.0
1553395111 283.0
1553395290 284.0
1553395469 301.0
1553395648 359.0
1553395826 328.0
1553396005 283.0
1553396184 290.0
1553396362 309.0
1553396541 312.0
1553396720 352.0
1553396898 366.0
1553397077 385.0
1553397256 328.0
1553397434 284.0
1553397613 293.0
1553397792 317.0
1553397971 380.0
1553398149 341.0
1553398328 294.0
1553398506 303.0
1553398685 288.0
1553398864 299.0
1553399042 337.0
1553399221 368.0
1553399400 344.0
1553399578 292.0
1553399757 296.0
1553399936 287.0
1553400114 290.0
1553400293 347.0
1553400471 361.0
1553400650 358.0
1553400829 326.0
1553401007 270.0
1553401186 236.0
1553401365 209.0
1553401544 266.0
1553401722 264.0
1553401901 230.0
1553402080 209.0
1553402259 210.0
1553402438 209.0
1553402616 214.0
1553402795 296.0
1553402974 249.0
1553403153 209.0
1553403331 270.0
1553403510 319.0
1553403689 313.0
1553403868 335.0
1553404046 385.0
1553404225 363.0
1553404404 384.0
1553404583 363.0
1553404761 302.0
1553404940 301.0
1553405119 304.0
1553405298 387.0
1553405476 335.0
1553405655 295.0
1553405834 306.0
1553406013 288.0
1553406191 311.0
1553406370 314.0
1553406549 385.0
1553406728 370.0
1553406906 352.0
1553407085 320.0
1553407264 293.0
1553407443 299.0
1553407624 320.0
1553407803 382.0
1553407981 377.0
1553408160 372.0
1553408339 317.0
1553408517 302.0
1553408696 303.0
1553408875 304.0
1553409054 369.0
1553409232 357.0
1553409411 299.0
1553409590 296.0
1553409768 296.0
1553409947 299.0
1553410126 300.0
1553410305 368.0
1553410483 441.0
1553410662 1788.0
1553410841 774.0
1553411019 686.0
1553411198 477.0
1553411377 464.0
1553411555 555.0
1553411734 564.0
1553411913 552.0
1553412092 492.0
1553412270 480.0
1553412449 460.0
1553412628 476.0
1553412806 546.0
1553412985 707.0
1553413164 2704.0
1553413343 2827.0
1553413521 2792.0
1553413700 2834.0
1553413879 2230.0
1553414057 681.0
1553414236 1738.0
1553414415 2893.0
1553414594 2856.0
1553414772 2771.0
1553414951 2584.0
1553415130 1582.0
1553415308 548.0
1553415487 575.0
1553415666 506.0
1553415845 506.0
1553416023 506.0
1553416202 515.0
1553416381 503.0
1553416560 612.0
1553416738 604.0
1553416917 558.0
1553417096 549.0
1553417275 542.0
1553417453 557.0
1553417632 581.0
1553417811 634.0
1553417990 638.0
1553418168 633.0
1553418347 566.0
1553418526 541.0
1553418704 576.0
1553418883 641.0
1553419062 590.0
1553419241 597.0
1553419419 597.0
1553419598 582.0
1553419777 614.0
1553419956 633.0
1553420134 666.0
1553420313 621.0
1553420492 592.0
1553420671 605.0
1553420849 695.0
1553421028 918.0
1553421207 793.0
1553421386 725.0
1553421565 554.0
1553421743 455.0
1553421922 434.0
1553422101 432.0
1553422279 486.0
1553422458 507.0
1553422637 441.0
1553422816 1392.0
1553422994 1859.0
1553423173 1768.0
1553423352 883.0
1553423531 532.0
1553423710 575.0
1553423888 567.0
1553424067 515.0
1553424246 452.0
1553424425 466.0
1553424604 435.0
1553424782 515.0
1553424961 1606.0
1553425139 1224.0
1553425318 488.0
1553425497 473.0
1553425675 380.0
1553425854 275.0
1553426033 309.0
1553426211 325.0
1553426390 319.0
1553426568 305.0
1553426747 255.0
1553426926 253.0
1553427105 298.0
1553427283 337.0
1553427462 248.0
1553427641 262.0
1553427819 243.0
1553427998 256.0
1553428177 253.0
1553428355 336.0
1553428534 310.0
1553428713 244.0
1553428892 241.0
1553429070 241.0
1553429249 240.0
1553429427 303.0
1553429606 319.0
1553429784 313.0
1553429963 276.0
1553430142 239.0
1553430321 240.0
1553430499 263.0
1553430678 316.0
1553430857 267.0
1553431035 240.0
1553431214 240.0
1553431393 241.0
1553431572 240.0
1553431750 321.0
1553431929 299.0
1553432108 257.0
1553432286 268.0
1553432465 259.0
1553432644 238.0
1553432822 270.0
1553433001 326.0
1553433180 344.0
1553433359 323.0
1553433537 252.0
1553433716 250.0
1553433895 240.0
1553434074 314.0
1553434252 316.0
1553434431 270.0
1553434610 242.0
1553434788 257.0
1553434967 239.0
1553435146 263.0
1553435325 318.0
1553435504 287.0
1553435682 238.0
1553435861 238.0
1553436040 237.0
1553436219 239.0
1553436397 288.0
1553436576 315.0
1553436755 314.0
1553436933 302.0
1553437112 266.0
1553437291 238.0
1553437470 237.0
1553437649 309.0
1553437827 293.0
1553438006 239.0
1553438185 237.0
1553438364 240.0
1553438542 238.0
1553438721 252.0
1553438900 316.0
1553439079 284.0
1553439257 241.0
1553439436 260.0
1553439615 264.0
1553439794 241.0
1553439973 325.0
1553440151 335.0
1553440330 315.0
1553440509 298.0
1553440688 240.0
1553440866 238.0
1553441045 255.0
1553441224 328.0
1553441403 308.0
1553441582 255.0
1553441760 239.0
1553441939 255.0
1553442118 240.0
1553442297 276.0
1553442475 319.0
1553442654 298.0
1553442833 242.0
1553443011 240.0
1553443190 240.0
1553443368 239.0
1553443547 296.0
1553443726 315.0
1553443904 313.0
1553444083 292.0
1553444262 240.0
1553444440 239.0
1553444619 260.0
1553444798 316.0
1553444976 295.0
1553445155 241.0
1553445334 241.0
1553445512 241.0
1553445691 244.0
1553445870 307.0
1553446048 304.0
1553446227 245.0
1553446406 242.0
1553446585 255.0
1553446763 270.0
1553446942 288.0
1553447121 331.0
1553447299 324.0
1553447478 324.0
1553447657 300.0
1553447835 256.0
1553448014 248.0
1553448193 294.0
1553448372 319.0
1553448550 260.0
1553448729 241.0
1553448908 259.0
1553449086 246.0
1553449265 252.0
1553449444 342.0
1553449623 307.0
1553449801 244.0
1553449980 257.0
1553450159 242.0
1553450338 245.0
1553450517 425.0
1553450695 496.0
1553450874 566.0
1553451053 456.0
1553451231 493.0
1553451410 522.0
1553451589 507.0
1553451768 550.0
1553451947 567.0
1553452126 483.0
1553452304 477.0
1553452483 476.0
1553452662 476.0
1553452841 473.0
1553453020 568.0
1553453198 528.0
1553453377 472.0
1553453556 472.0
1553453735 474.0
1553453914 502.0
1553454092 546.0
1553454271 557.0
1553454449 550.0
1553454628 548.0
1553454807 478.0
1553454986 477.0
1553455164 498.0
1553455343 545.0
1553455521 547.0
1553455700 499.0
1553455879 467.0
1553456057 484.0
1553456236 717.0
1553456415 655.0
1553456593 662.0
1553456772 597.0
1553456951 578.0
1553457129 558.0
1553457308 575.0
1553457487 690.0
1553457665 1371.0
1553457844 646.0
1553458022 582.0
1553458201 561.0
1553458380 521.0
1553458558 519.0
1553458737 555.0
1553458916 614.0
1553459095 609.0
1553459273 566.0
1553459452 466.0
1553459631 356.0
1553459809 353.0
1553459988 378.0
1553460166 433.0
1553460345 386.0
1553460524 348.0
1553460702 348.0
1553460881 346.0
1553461060 365.0
1553461238 423.0
1553461417 434.0
1553461596 448.0
1553461774 427.0
1553461953 394.0
1553462131 329.0
1553462310 354.0
1553462489 427.0
1553462667 408.0
1553462846 340.0
1553463025 339.0
1553463204 346.0
1553463382 369.0
1553463561 346.0
1553463740 426.0
1553463919 407.0
1553464097 345.0
1553464276 362.0
1553464455 357.0
1553464634 339.0
1553464812 363.0
1553464991 409.0
1553465170 408.0
1553465349 405.0
1553465527 340.0
1553465706 326.0
1553465885 329.0
1553466064 354.0
1553466242 408.0
1553466421 355.0
1553466600 321.0
1553466779 290.0
1553466957 288.0
1553467136 289.0
1553467315 343.0
1553467494 351.0
1553467673 288.0
1553467851 289.0
1553468030 288.0
1553468209 299.0
1553468388 315.0
1553468566 392.0
1553468745 382.0
1553468924 375.0
1553469102 339.0
1553469281 289.0
1553469459 303.0
1553469638 313.0
1553469817 357.0
1553469995 345.0
1553470174 299.0
1553470353 292.0
1553470532 314.0
1553470710 291.0
1553470889 305.0
1553471067 367.0
1553471246 322.0
1553471425 310.0
1553471603 292.0
1553471782 293.0
1553471961 285.0
1553472139 317.0
1553472318 363.0
1553472497 362.0
1553472675 357.0
1553472854 337.0
1553473032 284.0
1553473211 285.0
1553473390 321.0
1553473568 361.0
1553473747 295.0
1553473926 285.0
1553474105 285.0
1553474284 285.0
1553474462 286.0
1553474641 339.0
1553474820 361.0
1553474999 315.0
1553475177 286.0
1553475356 288.0
1553475535 312.0
1553475714 311.0
1553475893 347.0
1553476071 361.0
1553476250 363.0
1553476429 364.0
1553476607 297.0
1553476786 283.0
1553476965 301.0
1553477144 349.0
1553477322 356.0
1553477501 316.0
1553477680 284.0
1553477859 299.0
1553478037 289.0
1553478216 292.0
1553478395 366.0
1553478574 356.0
1553478752 285.0
1553478931 296.0
1553479110 281.0
1553479288 281.0
1553479467 283.0
1553479646 337.0
1553479824 358.0
1553480003 356.0
1553480182 339.0
1553480360 290.0
1553480539 281.0
1553480718 282.0
1553480896 334.0
1553481075 352.0
1553481254 282.0
1553481432 281.0
1553481611 281.0
1553481790 280.0
1553481968 279.0
1553482147 326.0
1553482326 354.0
1553482504 290.0
1553482683 303.0
1553482862 308.0
1553483041 308.0
1553483219 282.0
1553483398 338.0
1553483577 374.0
1553483756 358.0
1553483934 380.0
1553484113 292.0
1553484292 294.0
1553484471 297.0
1553484649 317.0
1553484828 384.0
1553485007 309.0
1553485186 301.0
1553485364 289.0
1553485543 290.0
1553485722 279.0
1553485901 311.0
1553486079 364.0
1553486258 336.0
1553486437 291.0
1553486615 279.0
1553486794 280.0
1553486973 280.0
1553487151 307.0
1553487330 359.0
1553487509 355.0
1553487687 350.0
1553487866 310.0
1553488045 280.0
1553488223 280.0
1553488402 279.0
1553488581 360.0
1553488759 338.0
1553488938 288.0
1553489117 280.0
1553489296 284.0
1553489474 284.0
1553489653 281.0
1553489832 363.0
1553490011 374.0
1553490190 312.0
1553490368 335.0
1553490547 323.0
1553490726 644.0
1553490904 338.0
1553491083 414.0
1553491262 456.0
1553491441 430.0
1553491619 450.0
1553491798 428.0
1553491977 321.0
1553492155 314.0
1553492334 303.0
1553492513 383.0
1553492691 361.0
1553492870 1027.0
1553493049 1921.0
1553493227 385.0
1553493406 389.0
1553493585 418.0
1553493763 446.0
1553493942 448.0
1553494120 410.0
1553494299 369.0
1553494478 376.0
1553494657 2125.0
1553494836 1846.0
1553495014 492.0
1553495193 355.0
1553495372 348.0
1553495551 396.0
1553495730 761.0
1553495908 945.0
1553496087 564.0
1553496266 527.0
1553496445 514.0
1553496623 466.0
1553496802 1298.0
1553496981 1172.0
1553497159 1106.0
1553497338 705.0
1553497517 606.0
1553497696 451.0
1553497874 472.0
1553498053 535.0
1553498232 516.0
1553498410 467.0
1553498589 430.0
1553498768 446.0
1553498946 450.0
1553499125 460.0
1553499304 453.0
1553499482 438.0
1553499661 425.0
1553499840 440.0
1553500019 418.0
1553500197 364.0
1553500376 351.0
1553500555 341.0
1553500733 346.0
1553500912 395.0
1553501090 416.0
1553501269 343.0
1553501448 336.0
1553501626 380.0
1553501805 391.0
1553501984 344.0
1553502163 459.0
1553502342 479.0
1553502520 457.0
1553502699 376.0
1553502878 330.0
1553503057 318.0
1553503236 356.0
1553503414 397.0
1553503593 329.0
1553503772 318.0
1553503951 317.0
1553504130 317.0
1553504308 346.0
1553504487 414.0
1553504666 408.0
1553504845 345.0
1553505023 317.0
1553505202 342.0
1553505381 340.0
1553505560 321.0
1553505738 415.0
1553505917 397.0
1553506096 403.0
1553506275 365.0
1553506453 326.0
1553506632 330.0
1553506811 322.0
1553506990 406.0
1553507168 378.0
1553507347 325.0
1553507526 327.0
1553507705 335.0
1553507884 318.0
1553508062 344.0
1553508241 400.0
1553508420 383.0
1553508598 319.0
1553508777 317.0
1553508956 319.0
1553509135 319.0
1553509313 352.0
1553509492 394.0
1553509671 391.0
1553509850 388.0
1553510028 345.0
1553510207 316.0
1553510386 316.0
1553510565 333.0
1553510743 395.0
1553510922 378.0
1553511101 316.0
1553511280 316.0
1553511458 337.0
1553511637 343.0
1553511816 366.0
1553511994 405.0
1553512173 406.0
1553512352 371.0
1553512530 314.0
1553512709 327.0
1553512888 343.0
1553513067 333.0
1553513245 395.0
1553513424 374.0
1553513603 338.0
1553513782 342.0
1553513961 319.0
1553514139 319.0
1553514318 353.0
1553514497 425.0
1553514676 412.0
1553514854 383.0
1553515033 320.0
1553515212 316.0
1553515391 319.0
1553515569 335.0
1553515748 398.0
1553515926 378.0
1553516105 318.0
1553516284 317.0
1553516462 318.0
1553516641 317.0
1553516820 318.0
1553516998 397.0
1553517177 393.0
1553517356 388.0
1553517534 323.0
1553517713 319.0
1553517892 318.0
1553518070 316.0
1553518249 380.0
1553518428 377.0
1553518606 329.0
1553518785 347.0
1553518964 348.0
1553519142 332.0
1553519321 318.0
1553519500 380.0
1553519678 397.0
1553519857 420.0
1553520036 365.0
1553520214 321.0
1553520393 333.0
1553520572 336.0
1553520750 372.0
1553520929 396.0
1553521108 327.0
1553521286 325.0
1553521465 331.0
1553521643 320.0
1553521822 322.0
1553522001 393.0
1553522179 378.0
1553522358 315.0
1553522537 319.0
1553522715 315.0
1553522894 312.0
1553523072 317.0
1553523251 360.0
1553523430 393.0
1553523609 394.0
1553523787 388.0
1553523966 343.0
1553524145 315.0
1553524324 317.0
1553524503 337.0
1553524681 399.0
1553524860 343.0
1553525039 318.0
1553525218 317.0
1553525397 320.0
1553525575 318.0
1553525754 335.0
1553525933 429.0
1553526111 426.0
1553526290 414.0
1553526468 351.0
1553526647 335.0
1553526826 319.0
1553527004 336.0
1553527183 387.0
1553527361 391.0
1553527540 367.0
1553527719 340.0
1553527897 315.0
1553528076 336.0
1553528254 321.0
1553528433 394.0
1553528611 404.0
1553528789 402.0
1553528968 388.0
1553529146 319.0
1553529325 337.0
1553529503 317.0
1553529682 350.0
1553529860 391.0
1553530038 371.0
1553530217 314.0
1553530395 314.0
1553530574 313.0
1553530752 314.0
1553530931 346.0
1553531109 393.0
1553531288 390.0
1553531466 376.0
1553531645 316.0
1553531823 313.0
1553532002 316.0
1553532180 317.0
1553532359 394.0
1553532537 379.0
1553532716 329.0
1553532894 316.0
1553533073 340.0
1553533251 346.0
1553533430 345.0
1553533608 393.0
1553533787 416.0
1553533965 422.0
1553534144 356.0
1553534323 331.0
1553534501 350.0
1553534680 322.0
1553534858 377.0
1553535037 401.0
1553535215 350.0
1553535394 346.0
1553535572 331.0
1553535751 331.0
1553535929 334.0
1553536108 360.0
1553536287 424.0
1553536465 333.0
1553536644 323.0
1553536822 322.0
1553537001 321.0
1553537180 319.0
1553537358 320.0
1553537537 402.0
1553537715 404.0
1553537894 497.0
1553538072 432.0
1553538251 383.0
1553538430 384.0
1553538608 493.0
1553538787 658.0
1553538965 666.0
1553539144 597.0
1553539323 1189.0
1553539501 1518.0
1553539680 590.0
1553539858 1208.0
1553540037 1169.0
1553540216 729.0
1553540394 689.0
1553540573 634.0
1553540751 615.0
1553540930 602.0
1553541108 639.0
1553541287 673.0
1553541466 622.0
1553541644 650.0
1553541822 801.0
1553542001 798.0
1553542179 804.0
1553542358 826.0
1553542536 863.0
1553542715 829.0
1553542893 1242.0
