1553185003 464.0
1553185182 533.0
1553185363 524.0
1553185543 474.0
1553185724 462.0
1553185902 464.0
1553186081 465.0
1553186259 525.0
1553186440 548.0
1553186618 546.0
1553186799 516.0
1553186980 467.0
1553187158 466.0
1553187336 512.0
1553187517 565.0
1553187698 506.0
1553187876 482.0
1553188055 491.0
1553188233 489.0
1553188411 467.0
1553188592 578.0
1553188770 553.0
1553188948 492.0
1553189127 493.0
1553189308 493.0
1553189489 476.0
1553189667 498.0
1553189845 567.0
1553190023 571.0
1553190201 561.0
1553190382 457.0
1553190561 392.0
1553190741 413.0
1553190920 444.0
1553191098 467.0
1553191276 424.0
1553191454 389.0
1553191635 392.0
1553191814 390.0
1553191992 387.0
1553192173 441.0
1553192351 452.0
1553192529 416.0
1553192710 387.0
1553192891 2098.0
1553193069 462.0
1553193250 452.0
1553193429 475.0
1553193607 1715.0
1553193785 787.0
1553193963 596.0
1553194141 695.0
1553194319 710.0
1553194498 694.0
1553194676 661.0
1553194854 495.0
1553195032 493.0
1553195211 564.0
1553195389 590.0
1553195567 824.0
1553195745 916.0
1553195923 1019.0
1553196104 714.0
1553196283 664.0
1553196464 519.0
1553196642 512.0
1553196820 522.0
1553196998 529.0
1553197179 493.0
1553197357 432.0
1553197536 444.0
1553197714 454.0
1553197893 440.0
1553198071 476.0
1553198249 500.0
1553198427 454.0
1553198606 414.0
1553198784 414.0
1553198963 416.0
1553199144 420.0
1553199322 498.0
1553199503 500.0
1553199681 495.0
1553199860 455.0
1553200038 421.0
1553200216 409.0
1553200395 443.0
1553200573 488.0
1553200751 449.0
1553200930 465.0
1553201108 471.0
1553201286 1208.0
1553201465 944.0
1553201643 450.0
1553201821 493.0
1553202000 502.0
1553202178 483.0
1553202356 428.0
1553202534 429.0
1553202713 413.0
1553202894 477.0
1553203072 476.0
1553203253 425.0
1553203431 426.0
1553203612 404.0
1553203791 273.0
1553203969 277.0
1553204147 311.0
1553204326 282.0
1553204504 239.0
1553204682 233.0
1553204860 211.0
1553205039 232.0
1553205217 268.0
1553205395 301.0
1553205574 292.0
1553205752 289.0
1553205931 223.0
1553206109 208.0
1553206287 207.0
1553206466 221.0
1553206647 289.0
1553206825 259.0
1553207003 207.0
1553207182 207.0
1553207360 204.0
1553207538 202.0
1553207717 225.0
1553207895 279.0
1553208073 276.0
1553208252 259.0
1553208430 201.0
1553208608 203.0
1553208786 202.0
1553208965 233.0
1553209143 308.0
1553209321 260.0
1553209500 232.0
1553209678 231.0
1553209856 224.0
1553210035 203.0
1553210213 237.0
1553210391 309.0
1553210570 309.0
1553210751 297.0
1553210929 264.0
1553211110 212.0
1553211288 212.0
1553211467 227.0
1553211645 302.0
1553211823 277.0
1553212002 229.0
1553212180 220.0
1553212358 200.0
1553212537 213.0
1553212715 224.0
1553212894 269.0
1553213072 281.0
1553213250 278.0
1553213428 255.0
1553213607 204.0
1553213785 200.0
1553213966 202.0
1553214144 224.0
1553214323 278.0
1553214501 223.0
1553214679 202.0
1553214858 201.0
1553215036 200.0
1553215214 203.0
1553215393 201.0
1553215571 289.0
1553215749 276.0
1553215928 272.0
1553216106 227.0
1553216284 225.0
1553216463 226.0
1553216641 226.0
1553216819 261.0
1553216998 303.0
1553217179 280.0
1553217357 207.0
1553217535 230.0
1553217714 230.0
1553217892 227.0
1553218070 246.0
1553218249 304.0
1553218427 276.0
1553218608 293.0
1553218786 240.0
1553218965 230.0
1553219143 228.0
1553219321 228.0
1553219500 245.0
1553219678 287.0
1553219856 258.0
1553220037 211.0
1553220216 209.0
1553220394 209.0
1553220573 208.0
1553220754 223.0
1553220932 288.0
1553221113 284.0
1553221291 277.0
1553221470 209.0
1553221648 206.0
1553221826 203.0
1553222005 203.0
1553222183 245.0
1553222361 285.0
1553222540 252.0
1553222718 207.0
1553222896 209.0
1553223075 208.0
1553223253 207.0
1553223431 227.0
1553223612 309.0
1553223791 316.0
1553223969 309.0
1553224147 251.0
1553224328 219.0
1553224507 213.0
1553224685 233.0
1553224863 254.0
1553225042 314.0
1553225220 287.0
1553225398 231.0
1553225577 202.0
1553225755 221.0
1553225933 231.0
1553226112 230.0
1553226290 294.0
1553226468 306.0
1553226646 287.0
1553226825 247.0
1553227003 224.0
1553227181 210.0
1553227360 212.0
1553227538 208.0
1553227716 279.0
1553227895 262.0
1553228073 209.0
1553228251 209.0
1553228430 207.0
1553228608 212.0
1553228786 208.0
1553228965 225.0
1553229143 287.0
1553229321 287.0
1553229500 274.0
1553229681 210.0
1553229859 207.0
1553230038 211.0
1553230216 209.0
1553230394 254.0
1553230572 289.0
1553230751 249.0
1553230929 238.0
1553231107 191.0
1553231286 181.0
1553231464 186.0
1553231645 159.0
1553231823 266.0
1553232002 227.0
1553232180 190.0
1553232358 187.0
1553232537 187.0
1553232715 169.0
1553232893 163.0
1553233072 257.0
1553233250 266.0
1553233428 257.0
1553233607 241.0
1553233785 188.0
1553233963 157.0
1553234142 180.0
1553234323 207.0
1553234501 236.0
1553234679 192.0
1553234858 155.0
1553235036 159.0
1553235214 200.0
1553235393 2045.0
1553235571 733.0
1553235749 504.0
1553235927 685.0
1553236106 294.0
1553236284 265.0
1553236463 260.0
1553236641 877.0
1553236819 1823.0
1553236997 1743.0
1553237176 1611.0
1553237354 654.0
1553237535 355.0
1553237714 375.0
1553237892 338.0
1553238070 282.0
1553238249 287.0
1553238427 690.0
1553238605 735.0
1553238784 305.0
1553238965 313.0
1553239143 284.0
1553239321 284.0
1553239499 288.0
1553239678 370.0
1553239859 430.0
1553240037 525.0
1553240215 1209.0
1553240394 3136.0
1553240572 3360.0
1553240751 2720.0
1553240929 2248.0
1553241108 426.0
1553241286 392.0
1553241464 998.0
1553241643 1038.0
1553241821 412.0
1553242000 394.0
1553242178 458.0
1553242356 460.0
1553242535 503.0
1553242716 455.0
1553242894 355.0
1553243072 349.0
1553243253 348.0
1553243432 432.0
1553243610 462.0
1553243791 375.0
1553243969 358.0
1553244148 362.0
1553244326 372.0
1553244504 555.0
1553244683 397.0
1553244861 298.0
1553245039 317.0
1553245218 303.0
1553245396 251.0
1553245574 238.0
1553245752 226.0
1553245931 304.0
1553246109 281.0
1553246287 240.0
1553246466 221.0
1553246644 229.0
1553246825 245.0
1553247003 219.0
1553247182 321.0
1553247360 319.0
1553247538 301.0
1553247719 281.0
1553247898 218.0
1553248076 249.0
1553248255 225.0
1553248433 289.0
1553248611 298.0
1553248789 213.0
1553248968 222.0
1553249146 219.0
1553249324 226.0
1553249503 223.0
1553249681 293.0
1553249862 300.0
1553250040 298.0
1553250221 255.0
1553250400 227.0
1553250578 214.0
1553250757 214.0
1553250935 290.0
1553251116 266.0
1553251294 215.0
1553251473 214.0
1553251651 707.0
1553251832 2316.0
1553252010 1500.0
1553252189 488.0
1553252367 1106.0
1553252545 1056.0
1553252724 770.0
1553252902 452.0
1553253081 407.0
1553253259 440.0
1553253438 559.0
1553253616 469.0
1553253794 284.0
1553253973 269.0
1553254151 284.0
1553254329 219.0
1553254508 260.0
1553254686 303.0
1553254864 293.0
1553255045 283.0
1553255224 216.0
1553255402 207.0
1553255580 194.0
1553255759 257.0
1553255937 292.0
1553256115 234.0
1553256294 211.0
1553256472 210.0
1553256653 209.0
1553256831 210.0
1553257012 247.0
1553257191 290.0
1553257369 222.0
1553257547 210.0
1553257726 213.0
1553257904 218.0
1553258082 586.0
1553258261 505.0
1553258439 475.0
1553258617 298.0
1553258796 290.0
1553258974 247.0
1553259152 218.0
1553259331 218.0
1553259509 293.0
1553259687 362.0
1553259865 233.0
1553260044 237.0
1553260222 497.0
1553260401 2043.0
1553260579 1923.0
1553260757 2037.0
1553260938 2052.0
1553261116 1967.0
1553261295 1974.0
1553261473 1866.0
1553261651 1364.0
1553261829 254.0
1553262008 321.0
1553262189 348.0
1553262367 334.0
1553262546 343.0
1553262724 257.0
1553262902 279.0
1553263083 237.0
1553263262 798.0
1553263440 685.0
1553263618 929.0
1553263797 760.0
1553263975 904.0
1553264153 875.0
1553264334 968.0
1553264513 1008.0
1553264691 1176.0
1553264869 1134.0
1553265048 492.0
1553265226 211.0
1553265404 213.0
1553265583 211.0
1553265761 280.0
1553265939 292.0
1553266117 290.0
1553266296 267.0
1553266474 212.0
1553266653 232.0
1553266831 738.0
1553267009 216.0
1553267188 318.0
1553267366 286.0
1553267544 219.0
1553267725 245.0
1553267904 218.0
1553268085 236.0
1553268263 250.0
1553268441 307.0
1553268620 303.0
1553268798 289.0
1553268976 245.0
1553269155 216.0
1553269333 231.0
1553269511 257.0
1553269690 397.0
1553269871 443.0
1553270049 410.0
1553270227 439.0
1553270406 443.0
1553270584 426.0
1553270762 339.0
1553270941 289.0
1553271119 231.0
1553271298 229.0
1553271476 224.0
1553271654 225.0
1553271833 225.0
1553272011 303.0
1553272189 303.0
1553272367 299.0
1553272546 276.0
1553272724 224.0
1553272902 224.0
1553273081 227.0
1553273259 298.0
1553273437 275.0
1553273616 226.0
1553273794 238.0
1553273972 254.0
1553274150 236.0
1553274329 258.0
1553274507 332.0
1553274686 256.0
1553274867 225.0
1553275045 223.0
1553275223 222.0
1553275402 261.0
1553275580 348.0
1553275758 317.0
1553275937 304.0
1553276115 342.0
1553276293 460.0
1553276471 2387.0
1553276650 2093.0
1553276831 2032.0
1553277009 2181.0
1553277188 1221.0
1553277366 1252.0
1553277544 2108.0
1553277722 2633.0
1553277901 1843.0
1553278079 1819.0
1553278258 499.0
1553278436 422.0
1553278614 366.0
1553278793 299.0
1553278974 299.0
1553279152 363.0
1553279330 377.0
1553279509 326.0
1553279690 430.0
1553279868 487.0
1553280046 509.0
1553280224 577.0
1553280405 580.0
1553280584 574.0
1553280762 515.0
1553280940 503.0
1553281119 529.0
1553281297 593.0
1553281475 575.0
1553281654 517.0
1553281832 523.0
1553282010 750.0
1553282189 687.0
1553282367 627.0
1553282545 651.0
1553282724 591.0
1553282902 582.0
1553283081 616.0
1553283259 597.0
1553283437 580.0
1553283615 689.0
1553283796 654.0
1553283975 668.0
1553284153 659.0
1553284332 1809.0
1553284510 2651.0
1553284688 2751.0
1553284866 2806.0
1553285045 2763.0
1553285223 1621.0
1553285401 1149.0
1553285580 2821.0
1553285758 2877.0
1553285936 2835.0
1553286115 3644.0
1553286293 896.0
1553286471 647.0
1553286650 682.0
1553286828 609.0
1553287006 596.0
1553287185 631.0
1553287363 668.0
1553287542 652.0
1553287720 597.0
1553287898 597.0
1553288077 598.0
1553288255 705.0
1553288433 682.0
1553288611 640.0
1553288792 627.0
1553288974 643.0
1553289152 625.0
1553289330 659.0
1553289508 583.0
1553289687 584.0
1553289865 578.0
1553290043 581.0
1553290222 629.0
1553290400 630.0
1553290578 617.0
1553290756 613.0
1553290935 557.0
1553291113 562.0
1553291292 598.0
1553291473 643.0
1553291651 615.0
1553291829 386.0
1553292008 374.0
1553292189 374.0
1553292367 401.0
1553292545 453.0
1553292724 393.0
1553292902 376.0
1553293080 375.0
1553293259 383.0
1553293437 383.0
1553293615 462.0
1553293794 453.0
1553293975 449.0
1553294153 424.0
1553294331 375.0
1553294512 373.0
1553294691 405.0
1553294869 454.0
1553295050 361.0
1553295229 344.0
1553295407 355.0
1553295585 327.0
1553295764 329.0
1553295942 378.0
1553296120 357.0
1553296299 299.0
1553296477 513.0
1553296655 555.0
1553296834 527.0
1553297012 550.0
1553297190 532.0
1553297368 347.0
1553297547 308.0
1553297725 357.0
1553297903 379.0
1553298082 376.0
1553298260 384.0
1553298441 370.0
1553298619 387.0
1553298798 377.0
1553298976 386.0
1553299154 363.0
1553299333 361.0
1553299511 360.0
1553299689 343.0
1553299870 286.0
1553300049 286.0
1553300227 285.0
1553300405 284.0
1553300584 317.0
1553300762 364.0
1553300940 345.0
1553301119 284.0
1553301297 284.0
1553301475 287.0
1553301653 288.0
1553301832 363.0
1553302010 364.0
1553302191 362.0
1553302370 340.0
1553302548 286.0
1553302726 314.0
1553302905 313.0
1553303083 392.0
1553303261 358.0
1553303440 306.0
1553303618 284.0
1553303797 282.0
1553303975 310.0
1553304153 327.0
1553304331 362.0
1553304510 359.0
1553304688 379.0
1553304866 310.0
1553305044 283.0
1553305225 281.0
1553305404 314.0
1553305582 385.0
1553305760 334.0
1553305939 281.0
1553306117 297.0
1553306298 284.0
1553306476 282.0
1553306655 323.0
1553306833 360.0
1553307011 356.0
1553307190 344.0
1553307368 283.0
1553307549 282.0
1553307728 282.0
1553307906 318.0
1553308084 356.0
1553308262 297.0
1553308441 282.0
1553308619 282.0
1553308800 283.0
1553308978 285.0
1553309157 327.0
1553309335 360.0
1553309513 359.0
1553309692 338.0
1553309870 311.0
1553310048 312.0
1553310227 311.0
1553310405 332.0
1553310583 364.0
1553310762 319.0
1553310940 310.0
1553311118 285.0
1553311297 298.0
1553311475 312.0
1553311654 313.0
1553311832 385.0
1553312010 372.0
1553312191 358.0
1553312370 323.0
1553312548 298.0
1553312726 296.0
1553312905 286.0
1553313083 389.0
1553313262 322.0
1553313443 289.0
1553313621 283.0
1553313799 284.0
1553313978 282.0
1553314159 283.0
1553314337 369.0
1553314515 363.0
1553314694 357.0
1553314872 324.0
1553315050 285.0
1553315231 286.0
1553315409 286.0
1553315588 327.0
1553315766 361.0
1553315944 336.0
1553316123 282.0
1553316301 283.0
1553316479 281.0
1553316658 283.0
1553316836 309.0
1553317014 377.0
1553317192 386.0
1553317371 383.0
1553317549 328.0
1553317727 322.0
1553317906 306.0
1553318084 320.0
1553318265 358.0
1553318443 355.0
1553318622 320.0
1553318800 322.0
1553318978 309.0
1553319157 313.0
1553319335 320.0
1553319513 325.0
1553319691 374.0
1553319870 386.0
1553320048 352.0
1553320226 306.0
1553320405 318.0
1553320583 293.0
1553320761 283.0
1553320940 340.0
1553321118 354.0
1553321296 310.0
1553321475 292.0
1553321653 329.0
1553321831 2340.0
1553322010 2040.0
1553322188 706.0
1553322366 418.0
1553322545 381.0
1553322723 332.0
1553322901 333.0
1553323080 341.0
1553323261 343.0
1553323439 344.0
1553323617 460.0
1553323796 484.0
1553323974 492.0
1553324152 517.0
1553324331 504.0
1553324509 474.0
1553324687 459.0
1553324866 486.0
1553325044 505.0
1553325222 461.0
1553325401 557.0
1553325579 1267.0
1553325757 2576.0
1553325936 1978.0
1553326114 474.0
1553326292 1222.0
1553326471 418.0
1553326649 425.0
1553326827 648.0
1553327009 909.0
1553327187 403.0
1553327368 478.0
1553327550 497.0
1553327731 479.0
1553327909 455.0
1553328088 423.0
1553328266 391.0
1553328444 400.0
1553328623 452.0
1553328801 494.0
1553328979 444.0
1553329160 396.0
1553329338 407.0
1553329517 422.0
1553329695 572.0
1553329873 527.0
1553330054 405.0
1553330233 365.0
1553330411 319.0
1553330592 389.0
1553330770 356.0
1553330951 364.0
1553331130 410.0
1553331308 487.0
1553331486 885.0
1553331665 1730.0
1553331843 552.0
1553332022 1164.0
1553332200 2740.0
1553332379 2745.0
1553332558 2501.0
1553332737 2646.0
1553332915 2706.0
1553333094 1593.0
1553333273 663.0
1553333452 672.0
1553333630 672.0
1553333809 645.0
1553333988 733.0
1553334166 780.0
1553334345 1445.0
1553334524 2016.0
1553334702 1107.0
1553334881 1108.0
1553335060 931.0
1553335239 686.0
1553335418 683.0
1553335596 567.0
1553335775 563.0
1553335954 689.0
1553336132 752.0
1553336311 736.0
1553336490 770.0
1553336669 812.0
1553336847 816.0
1553337026 816.0
1553337205 783.0
1553337384 743.0
1553337562 771.0
1553337741 784.0
1553337920 814.0
1553338099 834.0
1553338277 796.0
1553338456 914.0
1553338635 816.0
1553338814 1588.0
1553338992 1335.0
1553339171 1207.0
1553339349 1446.0
1553339528 3612.0
1553339707 1990.0
1553339886 1111.0
1553340065 1033.0
1553340244 1071.0
1553340422 1138.0
1553340601 988.0
1553340780 793.0
1553340959 750.0
1553341137 794.0
1553341316 768.0
1553341495 704.0
1553341674 691.0
1553341853 685.0
1553342031 697.0
1553342210 679.0
1553342389 677.0
1553342568 600.0
1553342746 596.0
1553342925 594.0
1553343103 743.0
1553343282 796.0
1553343461 832.0
1553343639 864.0
1553343818 2203.0
1553343997 3032.0
1553344176 3007.0
1553344354 3021.0
1553344533 2971.0
1553344712 2000.0
1553344891 1589.0
1553345069 2927.0
1553345248 2765.0
1553345427 2766.0
1553345606 2793.0
1553345784 1273.0
1553345963 558.0
1553346142 528.0
1553346320 508.0
1553346499 500.0
1553346678 552.0
1553346856 579.0
1553347035 541.0
1553347214 533.0
1553347392 561.0
1553347571 538.0
1553347750 598.0
1553347928 750.0
1553348107 748.0
1553348286 738.0
1553348465 677.0
1553348643 678.0
1553348822 689.0
1553349001 754.0
1553349179 730.0
1553349358 677.0
1553349537 672.0
1553349715 672.0
1553349894 673.0
1553350073 744.0
1553350251 715.0
1553350430 672.0
1553350608 671.0
1553350787 671.0
1553350966 671.0
1553351144 744.0
1553351323 744.0
1553351502 738.0
1553351680 691.0
1553351859 671.0
1553352038 671.0
1553352216 724.0
1553352395 732.0
1553352574 670.0
1553352752 670.0
1553352931 668.0
1553353110 2342.0
1553353288 1345.0
1553353467 866.0
1553353645 651.0
1553353824 651.0
1553354003 652.0
1553354181 678.0
1553354360 699.0
1553354539 541.0
1553354718 521.0
1553354896 517.0
1553355075 451.0
1553355254 460.0
1553355433 475.0
1553355612 511.0
1553355790 531.0
1553355969 452.0
1553356148 461.0
1553356327 455.0
1553356506 458.0
1553356685 475.0
1553356863 526.0
1553357042 473.0
1553357221 445.0
1553357400 451.0
1553357578 455.0
1553357757 447.0
1553357936 540.0
1553358115 525.0
1553358293 519.0
1553358472 470.0
1553358651 447.0
1553358830 448.0
1553359008 520.0
1553359187 496.0
1553359366 445.0
1553359545 446.0
1553359723 446.0
1553359902 451.0
1553360081 549.0
1553360260 540.0
1553360439 506.0
1553360617 476.0
1553360796 497.0
1553360975 494.0
1553361153 571.0
1553361332 555.0
1553361511 550.0
1553361690 528.0
1553361868 520.0
1553362047 561.0
1553362226 673.0
1553362405 799.0
1553362584 758.0
1553362762 1349.0
1553362941 3484.0
1553363120 3341.0
1553363298 3273.0
1553363477 1757.0
1553363656 764.0
1553363835 2055.0
